200
257827 346159
492532 321204
539171 288722
724650 872569
102034 685788
567004 751424
71518 218253
944987 179600
383998 675976
275711 505571
240702 630753
633493 34276
932877 261531
938206 927106
77006 255922
129398 310019
897257 988817
940357 151120
811428 389691
702878 383620
838110 360899
412870 750733
571833 245998
714453 796022
947961 506871
239696 691987
221360 428792
924158 332932
447184 701539
134995 472495
915920 131236
156476 84621
49197 421030
313482 507615
1534 959106
641227 998371
883362 300573
971332 797605
72464 596685
871165 672379
417756 572596
393481 660228
367536 885982
743755 656525
733507 306482
8037 845484
194755 273891
87628 323273
968248 45687
119618 662625
743237 996956
413466 451066
868282 243646
370879 844341
466711 819686
874588 22934
167388 236758
205054 748972
204259 619908
974227 384627
944774 360943
732269 158838
341666 623443
514561 829447
205475 217640
438495 371245
610719 630401
646747 881050
673595 25825
118400 498468
573945 146726
651772 30840
192108 458498
261985 893965
448772 937110
258659 453169
182468 355274
879781 404322
687757 149226
889591 269440
333163 227132
412498 709902
650484 824247
210762 261269
58347 525030
938441 361887
777936 304900
763282 543240
296063 230999
365577 249390
911572 779884
250213 597397
900098 448522
675089 137543
787060 962205
263831 244431
220369 318388
569330 605918
276535 689086
851445 580668
463764 766889
69506 186411
653478 52351
338648 645273
80734 305146
707042 750644
10716 520752
255590 598725
732456 341502
957453 229202
974789 399470
44912 491435
359238 243349
476701 558495
28820 887086
469199 280509
492897 690399
517379 345731
81281 936599
281354 612985
234148 698348
625708 118514
399418 104581
773024 35501
250648 60031
350209 182753
663884 581403
274239 713170
742117 850573
229056 51093
694974 635443
541659 444581
566052 73733
765484 123768
351154 775526
243356 745147
620877 488515
449264 804770
206923 38355
424808 37673
142917 148319
137152 518463
879828 941489
923769 536827
789433 209291
266333 155225
295330 807479
190977 243323
251993 120213
442274 319441
753469 361028
869131 573976
672811 393188
916029 379154
392665 728615
784351 545368
321235 772517
345936 723888
533751 228793
712330 101746
828370 768613
24746 825651
431219 631411
395653 131856
774932 204430
445648 667845
158897 885305
809256 954770
580725 633827
679255 857781
713702 666543
597765 571370
453685 234415
538508 270741
933811 483081
941464 776002
622310 51897
919605 386981
496544 486761
846881 301913
197301 278527
24409 577825
86437 589826
3520 534440
786608 585256
393462 472948
805438 960710
899987 967511
422620 395304
808581 198183
34862 482612
850806 501892
451073 386274
160169 711684
252648 298435
949439 887685
778300 438633
316740 685965
759718 136935
733569 98954
