500
276794 710265
882803 384339
875623 717475
525427 194963
208606 509989
486126 762506
926393 164571
992992 270332
241919 167320
896522 589506
266444 28449
467103 425564
8228 151460
845720 726977
651588 204123
945076 299689
175861 279368
891462 831650
511631 769046
513152 598439
700146 970962
48904 653231
58762 518174
128100 224158
251349 158898
198490 788287
711847 765318
312595 67799
818602 641049
471870 220501
16978 800954
339452 258681
141314 375712
916078 228612
101028 249193
906595 684302
929180 462728
741030 275606
707700 450416
137616 890335
797677 328146
366582 306192
34471 911097
982061 50055
468047 935678
302732 474311
914053 808643
735076 552790
59050 685149
620210 698419
365411 516615
447807 902575
232374 26290
398558 599517
177100 124479
457943 41071
544384 715627
74964 315344
979616 966076
134083 912880
603974 74921
59470 403920
213642 242296
198068 76764
539605 571466
330823 550571
507537 925974
666224 432859
838186 533786
982110 74800
240092 270804
533431 683838
834257 840631
846468 296863
483534 411141
813219 977075
37 976868
400514 668603
96947 735805
442585 285219
715185 936758
116812 199109
471727 946569
861980 474164
379713 73288
316531 112961
318388 970806
788939 680300
574305 141634
359628 867316
927976 187782
818076 572977
469371 465500
702230 623817
541538 749392
654 313513
837467 366976
949554 22275
817555 128682
483742 538635
833320 743755
537570 635302
899920 413259
621938 494144
171463 951919
87748 796567
258019 275759
713912 523638
453612 958215
796618 590030
295626 999825
661529 477534
176198 62614
445492 663557
706817 417572
401081 249194
383053 360137
745599 187455
694753 123323
914131 567823
19067 510344
770003 717035
463176 868426
989772 381921
787699 313522
166049 937959
840616 613270
680591 652397
718558 54564
690752 274160
503781 315123
571374 141080
710827 568647
366366 120319
29281 164240
562615 828197
34120 507273
214567 24364
921791 645714
860157 921494
140455 338877
95027 490209
841946 500819
257766 30036
169320 205122
647789 196871
488719 389155
601229 967305
212401 872173
718766 337403
978703 811680
530571 821089
745333 665662
933781 469490
108704 644762
211217 381736
630950 458687
278980 739322
588204 456657
785480 755713
751779 494151
644062 591332
184717 630388
702459 8004
639131 65866
289658 108585
737779 200743
917483 974741
431952 857300
111342 942118
166211 228212
191483 966545
120650 42464
390097 382233
918522 478902
366152 943429
309468 90401
442749 500723
797773 157061
542565 883705
665508 582865
215707 450260
729876 445619
548894 492181
813360 254205
401528 945613
838292 650159
947126 97056
681336 893134
100173 671128
138265 813082
99204 570243
208656 707985
395483 859848
270172 767212
489772 372492
882472 250190
472254 571909
954281 731903
585684 372490
789467 15178
60458 263282
268135 719751
1746 918260
738818 395512
60508 80713
422982 218290
637617 749492
541623 748011
177125 944632
447137 838606
752577 731084
716508 954789
269222 889068
71807 881570
652887 60983
731878 7519
909374 316075
158925 62455
780700 559537
392417 824917
338821 791888
210658 955975
514006 882924
130723 725369
602568 763015
856773 76326
913844 19816
774533 719741
154052 102706
728675 890596
988041 228288
825840 63884
629965 711688
797928 478971
779951 649086
410243 315962
813205 491820
82230 1404
736232 191735
833218 480678
25570 887261
603285 608020
359419 931528
114547 690610
321671 845002
618678 939253
109058 178339
962975 274314
891712 485070
443847 901808
879452 582272
400238 991483
23107 990437
630395 977771
152551 126510
646906 677384
819618 227670
873474 926801
101283 624355
942080 531966
631489 391541
783628 375040
501638 385273
684793 813415
811271 530338
577467 449509
301069 43866
657013 751636
977344 153316
816698 312969
86280 156070
116517 84021
440829 247697
556523 181805
495232 58433
232416 734052
831429 939902
652081 168284
826206 659225
676981 802688
243889 724104
515573 78545
711022 284206
184460 223146
419148 650978
316897 119012
740007 435234
540903 141619
572875 120475
477058 316407
353092 336501
778590 329614
488986 954665
316345 340394
144384 441044
314482 708024
406840 240193
888155 332849
966864 649250
394147 368712
48239 24599
354610 294117
869326 851471
480998 316279
853942 326748
741493 554088
949462 548419
165184 520880
129322 78816
547771 864769
664994 725904
757348 772351
334906 555787
478893 691019
8997 864548
979494 256569
199938 568116
523251 347443
226105 950475
68569 736895
685722 194206
697653 731964
422991 619580
167885 716708
80389 111559
50324 540365
509587 115824
97377 983437
667882 648958
928921 11172
396707 573110
465730 490203
481304 526744
96234 446486
271286 240637
615740 618038
624432 878228
7682 981967
72184 663243
78835 479873
525080 552538
452430 337915
997515 501097
55533 76853
270111 887620
803879 573454
988739 627187
935633 798232
864300 111900
325471 187123
657216 376422
25300 967993
853872 284036
334231 259687
45738 336760
457763 884527
260420 212464
537117 718806
950521 870622
730145 74087
182055 109877
524235 220209
268400 633954
431046 284431
736002 832534
228144 586325
979503 720660
501799 81956
240503 430246
139927 220865
927418 701716
808893 783802
663778 390146
210420 426620
516869 751144
895885 855814
403894 395786
658899 93801
813195 255104
530184 837918
405824 642861
361757 797517
298417 785735
63413 320381
470569 753832
100123 945546
715449 87972
683636 487579
366120 115930
708085 251318
15001 775400
353534 270333
11156 30518
82111 472094
408993 760341
600709 203504
569788 406506
87476 48595
929809 53687
354598 672491
769238 856496
628929 9884
696454 461615
709062 350407
132283 961544
540541 266088
296726 879169
830523 277145
102382 158934
493616 201588
308724 334788
228602 212183
231816 177051
821745 302605
5566 675213
259528 604938
701783 192439
18524 405611
713915 796817
42157 769580
448293 916349
676159 36850
129946 627234
932256 625696
78818 631562
802116 228213
135609 640294
322799 671795
582056 794989
776185 141069
303601 547584
816305 695626
556790 197546
691753 807153
331169 951595
749854 93373
315699 829997
462791 304417
100901 168242
644220 569277
756138 541976
872003 725773
930916 130649
395624 417834
332243 301085
685774 369978
847367 271455
931957 552683
811399 359971
68000 686409
388929 547484
614855 939428
752953 921496
787593 639306
535958 318480
884867 114077
808203 955594
133380 322057
846259 620713
518991 24417
8082 666141
25306 848432
774910 486599
398216 518597
178578 732129
542343 775182
457347 353109
867225 423305
503811 854675
975124 569212
942922 274547
609287 303390
42849 329869
555349 922593
980412 609433
456398 675408
698677 337174
214138 39943
977446 86526
708078 659502
736420 384098
77996 375270
682599 671666
341771 797181
452770 880067
923729 679139
471886 454940
963653 36987
9702 125893
482601 632072
860668 856791
470692 695699
762973 99989
309209 786388
7472 812029
173141 539622
639485 298426
912024 16211
528003 232314
