50
75098 645302
276044 877015
105173 514571
261025 969905
302431 23648
640307 172608
33047 238791
127555 918245
227798 284662
845611 319421
255297 349601
958310 798577
360858 900382
948277 840120
613866 24709
790259 519235
937568 709518
967271 792168
197497 43540
492420 280705
886113 562347
40753 622400
2351 882667
249000 76244
829707 190163
820861 425109
462207 231718
473950 771119
814395 40994
2135 313434
132570 406352
902452 880824
556439 925855
555755 880362
372595 628072
859731 450911
266588 453603
324773 273579
84556 165034
868724 504525
527429 397490
124790 237435
442634 883695
825521 368462
275272 332791
390007 585716
71161 848043
945116 814555
669417 112438
706377 960443
