1000
561205 998708
247533 543187
980206 184180
895602 970542
990455 925636
440030 111408
835264 273417
68722 714635
307621 242645
993243 758169
686347 804624
756415 723619
841726 280872
912159 206339
874346 960684
909672 85467
245084 610033
628511 459221
52747 474960
609398 224021
384511 680777
18625 855218
172054 4515
511089 711430
855169 657662
735605 128467
209855 405757
401797 52881
717783 407620
824053 865363
820015 57566
226698 1994
744534 726962
965351 654123
462172 135732
150609 138126
799759 539365
987713 913013
116689 532599
834049 890913
978666 977968
467562 852600
390381 937064
123947 932722
780571 976591
347432 278347
674780 442647
785857 876324
902751 238292
500493 972114
31428 935132
737553 512903
206833 223857
82900 204597
647599 426298
483129 404649
31687 108497
332580 525458
31061 446577
92237 506539
305124 491945
196674 353894
593932 587004
120864 633466
841291 15295
799768 49592
913387 289587
328034 11801
801419 937358
301145 82519
750906 25327
907109 858503
542721 153956
131696 639712
861954 70322
220847 916280
983501 105499
949759 508200
734428 193019
706140 139917
172134 511355
910019 355443
656909 699380
697370 276702
963389 893929
767 592119
936690 447847
406566 913004
577636 411043
272159 846830
662749 642209
194064 669424
346807 602110
751791 708293
140298 438071
565123 618499
135531 271766
723754 797763
11201 657373
35965 671838
766723 884044
833482 422967
118540 195475
126947 637632
277915 520823
173095 34505
373764 26583
261116 884858
988007 670211
100553 456689
241333 65868
273106 67082
163637 853684
50832 396983
968444 530385
566397 156634
540207 375210
8472 51722
356378 855950
696171 118998
74671 281259
628215 720478
695211 673432
300531 917663
85515 957512
214089 217442
465053 825450
854606 181228
369915 656237
897183 525401
544710 913227
680054 787439
978912 647735
388485 576388
962572 403457
6763 822934
78457 619896
625542 262778
674757 896251
654029 862808
727564 411841
480320 783610
461957 757830
75262 280729
464336 160787
450553 213124
799157 955390
93284 348179
306459 465661
917965 741981
471325 596607
642526 210496
144838 226705
124177 386360
783361 372553
229949 437749
537360 407161
488693 86121
444057 830313
628272 740064
594344 81352
273286 20409
591508 160397
523090 609903
988060 782848
883216 657597
971347 974075
449729 107862
115765 347086
288096 526158
979384 367056
376201 743932
99015 154727
143854 944049
136688 418453
715353 422751
611614 925186
202132 976416
577806 157800
382350 719245
494344 984213
504595 704897
301808 947887
752846 330144
736711 235017
676974 486536
260997 177502
22755 407207
684262 899406
361361 256295
843602 135675
522235 619612
264588 463511
455093 84364
944454 947844
994568 215787
615959 162132
360734 137981
611576 494374
714809 59103
749602 766371
894042 917150
206855 303154
593657 597145
779953 401157
845427 134674
125347 510552
88687 990942
816792 612404
445291 893100
380535 118783
828157 178332
828966 927990
144801 874687
781728 942774
341802 474773
661522 712382
190980 105212
5058 835935
188580 425259
916334 201660
448683 478406
590919 11740
73076 12585
590928 223849
801878 635060
788418 536846
250258 77
211000 258895
252785 979284
211351 361491
632581 140990
689204 173269
529831 584168
470399 574228
533904 222139
296105 176102
613991 490022
302701 920563
911451 425912
938762 286933
97968 430653
232635 8873
300079 292698
408223 879542
703813 336575
466617 42019
372334 644824
379296 672017
601960 58773
549881 359337
203326 193485
724261 870127
398272 632661
294683 551260
871168 191715
136778 39211
785606 59042
627050 417595
981778 419342
153056 679234
892504 17404
293148 580508
71058 989922
404417 408315
304029 146578
816526 134591
608002 955050
338712 121934
578372 528789
703962 318888
499034 447996
707622 488215
837765 795328
660302 829573
576869 156518
832688 664065
673346 835575
491648 56998
546480 243754
34984 172645
171017 435824
451459 227123
256227 446489
641687 469532
338961 300317
15524 154879
963996 971671
667325 843130
597376 814150
459531 75800
476163 984906
608368 944254
277109 596172
156836 812302
651504 938770
786830 420536
266261 359737
214277 352286
782633 724116
331915 843158
42460 850122
920304 770254
794347 644172
198306 356617
333390 659685
492391 304951
31236 509055
585487 256633
559291 535287
779639 322554
646189 727454
744594 6969
28535 387233
901697 840740
246928 132564
437595 42842
581000 584979
286534 266492
509476 420968
248159 76801
3868 282055
207334 9292
925435 506009
534424 522301
80591 451152
712686 671399
714259 791296
60903 80933
576156 30030
794487 588187
202168 355350
250137 501137
810412 79901
744365 594058
646141 304975
554219 9409
726106 140141
912181 23247
564409 102818
662190 939422
519416 26682
499066 119856
124146 503661
131325 640152
968125 166164
592674 227767
32550 844354
558692 830997
566249 183880
383774 358588
679277 823888
593908 190062
453789 870801
390978 994620
986174 582972
934842 111188
916417 843420
564378 273823
534558 846568
945107 245952
922294 179911
339041 25104
60746 128195
685463 658819
761840 67036
65755 474724
337331 511408
960867 166737
361175 24499
759125 828472
790710 321729
450686 708935
251058 586891
772064 349248
944590 81375
111698 398294
490570 418118
830898 996018
924762 499520
821791 242634
68374 709175
846782 167612
812138 892386
666866 392366
434315 367338
56791 603657
589087 350359
364255 170416
850218 943359
342009 34950
788351 173371
63049 70961
191147 462940
20135 746881
724334 581194
165029 375461
677013 329749
16567 822051
363314 471861
869494 27607
769301 249495
80613 462011
472124 49287
861073 933231
128819 687996
632442 453100
674135 470270
931693 906903
97771 720976
901563 537643
436851 271401
356193 73814
643043 259228
249083 179306
817194 228012
525632 653760
77541 540069
953665 970200
998580 470145
683194 703409
162491 464449
285099 717356
268121 134620
604612 573731
386032 828825
389528 67499
102807 567650
718397 551362
312048 751870
366883 381566
460289 109019
470710 395851
898078 628331
933727 454223
202871 786731
705533 259153
592263 755820
233686 588659
822592 830109
452878 779378
836693 375033
682810 483229
280793 769683
796069 977751
328121 239904
218691 364068
827289 33820
423738 955860
16922 991383
959814 806572
122327 374875
62967 289734
361289 547050
75603 728674
848708 161781
237083 447908
796047 438459
617805 110177
272010 561296
694944 522581
724105 529118
170281 94874
883580 896782
418128 56113
593434 828219
437002 266045
343973 21206
328223 769549
783607 178710
306968 50903
433786 370159
688542 555483
93308 443039
509982 405903
614322 471059
722846 184535
593865 435853
708626 162302
102304 76281
158285 792829
493722 260197
759529 670221
70843 760833
240547 367329
444920 892197
920913 669441
703129 779276
266286 126491
415025 828959
983631 636475
345834 211951
831242 905670
846587 365399
659344 210013
935951 947176
801994 399821
331080 597916
72179 680588
207827 843925
485151 390504
435421 566335
869157 945392
926378 498605
589830 889822
636541 40238
289882 775433
538003 399893
357588 470860
543118 331805
517413 719764
182472 897202
668574 922354
713455 174495
769943 480325
967050 331202
23449 764731
414639 145386
886872 130949
768395 878904
47720 95309
610472 328707
613013 125394
598283 151191
568442 692398
314328 919088
391169 641802
745933 347265
372822 301164
197947 245266
235968 444747
492775 818332
474063 548566
8321 258466
180820 111117
184685 221962
81873 990318
912219 874407
865033 162329
842298 58887
503377 379752
361508 683854
59593 372924
291698 275638
884738 366622
452335 453866
317782 284394
5849 789231
44620 483304
37346 530365
480776 743102
461335 244251
647684 456498
42517 722385
468553 102479
835546 48010
619656 594478
538796 499321
642870 582194
296140 746071
15026 243069
123640 364738
41802 160794
967671 98272
514324 77968
78665 83773
954235 293353
899502 794490
349925 306688
587010 35897
627932 691944
4640 609742
737700 690293
17639 340751
386234 384308
990885 939803
826379 663294
913717 562041
66125 274866
763693 81398
767314 729459
858281 732920
484389 472261
644414 325107
754417 741976
832857 166020
588710 718917
18069 914484
787338 638295
33283 12285
57092 360627
701589 191482
470550 693177
361879 814963
371597 427988
406456 796146
376800 377859
976249 368609
811399 566513
158919 617612
375491 468920
342373 37668
385314 748578
436502 303826
854829 137350
213291 315190
455434 927855
81247 528989
951194 366485
834547 809439
691165 55716
758154 890572
739981 196890
463718 34667
36941 169102
841554 261877
839225 976921
983699 352017
577055 580644
132619 661434
30673 9628
988101 157504
537515 554378
738024 217170
312505 729822
221944 946278
177509 234168
772728 601085
263745 819531
671998 195799
992033 6997
289146 389320
722463 475752
918502 105331
472402 929577
980469 162832
558202 381299
583609 105097
652831 324265
757634 805476
753616 797740
841803 705697
808959 159052
257494 379183
101147 598792
993661 696842
968145 366462
703954 159998
567617 993246
46709 924202
341532 827444
314363 904095
782951 148382
95782 874130
394362 348911
620232 179503
168800 918003
50123 78259
33690 597360
654306 647104
938677 403641
915668 913433
311592 616041
945328 503598
573251 133142
408271 717187
117171 249436
657303 909449
402810 227754
147306 264924
562111 526353
11852 116448
613439 47009
58943 562217
152196 811717
340238 182377
334297 450091
904539 594084
381201 327192
725911 614350
460440 993078
41957 142860
83710 462048
218931 17774
518958 93313
626265 37234
739909 148230
30366 844460
195776 435365
461155 227266
938051 457379
947810 631276
106269 667442
623537 893653
369270 492576
452368 699829
14918 742753
801180 394264
54603 593901
663019 148020
987577 97294
6851 226932
985516 854403
285981 105908
894456 223625
962347 344701
996947 951896
204738 651189
272758 99674
981903 98232
485801 342011
210642 483675
805004 362232
626858 799773
538048 929239
644489 443517
572353 76750
752100 404091
133990 435232
396264 224545
801837 448174
819675 83978
364014 817427
793222 181888
42223 842007
516102 541438
6014 256073
395749 962213
575310 40422
777299 740359
390946 424067
615955 795209
397746 745184
298669 372482
214350 981512
375698 676589
293090 957280
487767 775689
839424 495711
728752 345703
354582 12608
603118 212108
681144 277357
486099 914984
816225 733690
515123 383262
461147 944954
403812 243774
203055 369330
123637 810470
479507 882057
419771 665700
621081 737292
971662 240933
562272 135697
758463 476609
473162 259458
5770 553402
12523 719396
462351 669179
9191 384644
751214 732075
717970 730485
53839 760667
897256 231109
393336 353325
549489 168949
583596 201871
437027 149001
386771 687102
322741 853825
279007 778214
127429 302375
250062 953310
888935 373234
370795 617978
47749 301074
145702 493222
371011 575381
446349 908060
914623 374718
694223 616928
167937 710439
855058 184221
736940 574155
225881 670067
112548 966973
273961 110654
706503 10190
334562 426573
87263 811655
531272 992801
334375 195040
165974 258860
477227 237261
180859 877692
871130 138896
345771 662893
71888 751503
122502 987695
733848 972128
833183 622777
413671 698045
770771 406396
3449 513090
271819 987998
136402 291070
889620 389457
53090 382126
601726 506165
536305 566068
230298 408622
21639 974333
795401 405091
474839 302058
536941 53671
155804 846751
585332 450255
725353 854233
317220 214947
10350 850099
961801 217190
44471 751057
14652 548210
117859 640842
37033 913047
574308 856154
864739 83895
17857 46242
595436 457582
663088 872834
768803 984473
469664 123290
279538 691010
829400 977921
977428 876465
264165 651735
897374 514684
389294 411564
239665 887738
296762 232185
779459 490255
215609 921015
344673 506102
467092 122082
462098 923950
205363 58895
659205 641792
530661 435592
228691 744847
293741 470252
347391 824284
243367 357808
201808 549488
272166 467758
448487 293010
11956 579362
746198 29894
243100 390684
883803 851864
791773 244442
916526 628047
275724 470828
765762 749009
157747 323379
563517 667090
714290 187350
90041 516340
315358 470383
498310 398024
634899 382541
6041 657064
315409 107659
807239 370351
146682 731785
381377 305201
889761 689078
7829 286145
589757 513577
302921 497425
134726 839698
241759 29209
195069 9199
489845 495501
734669 341894
111600 874487
440152 276713
333455 676690
540426 744476
85573 977621
160044 490231
424049 869828
95443 708110
618170 120488
454036 512944
976837 656405
137162 68532
264400 345845
566633 881176
526929 78812
191945 998421
101504 552602
215043 916799
627695 402024
128943 579507
714422 343044
285714 256598
57271 60342
941597 558371
849884 414259
428877 689735
214767 687416
85073 52565
598906 568261
842755 828242
970740 175635
413701 498114
628587 978786
458032 800528
225733 40042
134613 185093
551505 697448
808395 854134
826218 972322
222049 314913
994622 507941
104371 481570
289006 361982
421402 631102
309508 144175
415411 441791
993232 734705
312868 324782
151817 576723
409103 839966
113240 511964
901670 96712
350331 541695
796587 249440
586243 231336
855105 969674
584529 737101
489692 712350
835349 383537
816271 688147
394514 144018
488033 339150
801591 320086
190118 316632
958259 743342
683210 142313
77819 264568
419572 953639
888528 493638
92478 685796
582864 320849
47767 315293
25457 811565
515695 109371
266085 513191
797019 310638
830649 953591
247053 95740
790484 316039
485970 630168
524797 636200
267015 388348
6765 835400
853429 799757
553200 951479
290131 539155
301281 789045
260729 114089
312200 136003
150791 668109
577523 699397
804016 356833
324429 33127
271717 149891
713844 260788
583675 239245
211892 152271
378902 308534
829352 671901
750207 44527
883312 73535
201943 396783
585425 834546
474154 52194
325770 571930
630101 364644
52048 711527
172260 934861
270563 242761
682192 180317
376183 809199
162885 469278
789368 598145
692277 756780
603661 704433
