100
316988 221330
559903 360407
519364 6383
281551 404825
101482 874628
639475 261970
984498 620420
515600 232573
334740 787206
592667 700207
460915 31540
356994 911126
27893 535625
511425 415034
926576 929362
55063 192957
48988 911630
520956 571970
528602 937055
253197 526970
933714 983321
311751 960419
865523 700112
106282 861103
284343 719737
246461 717190
242445 777721
251375 307603
68550 635941
658225 644896
158583 848933
12400 784042
564365 783802
86947 852050
424274 254677
177632 665986
788327 813141
236148 880173
598542 436680
52997 691354
990961 758525
375384 702960
888486 405642
264749 841813
207063 668937
761895 983528
258197 973568
961791 693217
907783 190699
409973 757962
257614 118937
650989 774883
517398 738453
197740 276915
665 518426
887997 806650
929648 944649
868342 81682
797250 975207
441709 292996
186917 664918
956247 517177
175048 201360
352135 845089
170026 934874
49197 791476
414842 170748
509560 774508
487302 923293
82497 380031
266997 48722
997068 956467
748606 107279
554709 42424
216906 526340
459049 695722
63335 606961
652454 970485
523701 239286
185039 344952
911000 860406
276912 618826
269175 835502
431261 723255
498788 593859
875723 582335
822838 170554
741510 961487
342580 348083
801405 479870
454226 56066
674497 261550
86238 658484
641008 179410
305003 964078
396562 198307
508520 354879
591629 857109
571111 98981
56638 615679
