5000
131255 877267
962632 259193
337979 304483
188623 397475
10487 381005
539931 460827
863591 405369
292021 772517
528502 665606
495991 294297
890220 30017
719716 835434
722729 306182
118102 981267
885647 228801
26260 653231
77696 890974
191312 821778
990050 753446
894577 316683
319672 763864
664798 166750
345602 445895
471462 469641
949364 319258
220183 474503
86938 570080
882431 653345
759884 281020
590811 854915
656191 667176
757872 756545
459277 952788
548407 349520
681544 711240
497935 972569
45242 513924
447155 821853
389647 569646
305372 56121
764195 53505
95133 739571
409970 31547
723544 345391
327720 184191
509154 318338
873096 957594
531053 969191
556449 758461
801470 467212
905167 425478
364995 894189
774780 421609
45404 726240
977113 98363
371553 983885
89402 479091
471874 919180
80035 427079
515690 38854
150399 830184
759899 557771
366999 711993
920932 866870
115806 525629
501570 128677
726753 496753
755759 791863
318771 843791
145582 270218
736286 243636
734869 652300
571095 648095
853319 503225
576849 749035
261587 262389
127697 187845
737630 618832
792022 297653
601962 513633
83645 435254
896778 45745
216573 125242
251579 779616
378719 513394
504726 520509
11349 362304
832904 53478
644026 762947
973762 166511
502072 264919
443950 295416
841010 520052
866625 650940
438920 203927
368338 796634
15291 733214
802676 433652
368922 579983
452326 976528
516054 134151
76271 247869
44671 559519
256139 921467
716312 795599
85399 859841
180535 285470
294923 146425
610157 558556
954769 843130
411500 6627
298942 514784
660216 992055
929906 572835
9981 390794
443100 986990
921812 260515
217475 896109
772362 139451
922665 885364
779938 516852
951899 967522
499747 905419
85056 660185
600947 213970
879498 551287
666326 430064
566825 721303
222929 32892
168746 687133
193971 762858
530462 759861
487100 962731
478883 992532
733120 403664
147429 126323
947046 435840
48988 31269
487684 216898
931803 253854
483536 320915
105773 116777
415699 6750
393212 820199
799657 7475
330716 638405
587581 713959
748207 326542
674347 777062
475813 499765
590356 297143
106010 38478
411996 149670
472078 540524
128863 495503
627559 782004
141567 918328
536088 876487
393929 834750
646048 916626
490795 140405
847219 937541
342679 434377
632658 917946
689327 441168
341880 609004
767603 401974
192925 393767
339221 603219
50917 289169
918689 859022
987222 30547
932085 564915
192506 864273
486879 932693
583070 921175
689155 631509
925209 571886
957303 369436
767500 960378
453968 914649
264548 474665
697199 778686
774467 510664
176849 759083
171278 798658
656092 898806
215292 339565
996239 189778
230725 703811
224793 692442
239407 908050
43975 218369
659893 149073
624939 524712
598141 450323
879945 184734
602715 390439
182258 155241
836074 926817
896118 177690
803674 307547
974437 783808
792494 855055
120759 978178
786184 192860
638407 929415
959719 227165
600727 899011
604466 857253
572072 493894
15601 208138
943050 357137
86329 906753
371923 963695
24231 75589
656567 7563
239108 827432
110725 337272
381939 909572
650223 792469
152189 78920
978340 30564
574862 870137
616697 314748
296872 741741
884022 709306
209942 510649
58343 532062
598032 389640
849894 724496
582902 466515
397007 885740
31852 765297
413065 586081
254815 31780
950095 628182
790076 526312
797764 700014
723084 590191
552348 293176
243598 798064
319066 415078
293219 602660
256089 965365
36842 521013
336241 278454
684491 869652
852279 248353
649256 612260
86435 282759
735604 84910
920556 605267
671408 774649
898358 802353
815757 275973
738468 51333
860507 381412
610831 862980
191970 587361
658468 14875
763858 240345
502501 366360
655337 3849
495782 551361
328592 198737
676721 900130
166839 34129
61100 994489
452195 488726
639546 803581
147632 79260
219089 559009
870688 432501
758977 230908
309228 195647
757077 371871
130004 627759
400049 56262
595742 228906
907800 901441
640929 16001
793036 598637
893383 842804
585932 778984
979154 299802
111009 309715
651637 796587
270203 562217
659350 19842
808159 764030
456079 934343
991206 77711
585800 228518
1757 518398
894526 741662
69591 597032
262032 104153
568322 666309
766247 997686
90128 250968
627995 38307
668482 203049
798194 4774
94243 766811
85738 698408
615265 638583
552732 113331
126894 825622
873163 318926
356933 647786
138113 775966
83270 79539
450304 6499
358234 931393
665934 162987
266589 143605
973738 157935
332835 876073
139075 450362
190360 682272
252089 184721
104946 48331
599140 251590
936772 47647
799241 613636
859537 34468
914156 306570
817469 794691
731748 290331
178306 647636
545316 463374
173768 798026
293067 851161
552432 63045
995785 192951
900465 625644
729613 848330
513415 13678
415136 362135
680682 286741
92283 914359
129683 781413
9683 756923
978779 464056
291969 134119
379392 352229
492044 895861
554185 865514
398705 356150
828770 769222
792483 2450
631071 385626
741503 519708
120539 413437
650112 615869
887084 354032
839532 199983
8419 670074
503780 210872
108972 266713
575202 481103
61397 196400
310488 370616
703722 44832
305833 955082
705403 797743
533423 510232
250900 46820
802988 114551
970201 739252
562219 884336
935234 771232
7153 658100
165792 173603
254804 628264
8007 431077
590371 259293
725284 248668
123206 880663
391690 354721
230528 163879
620144 374177
924939 614187
164279 474138
318400 574475
78951 72684
67109 661385
938153 998208
542192 157934
822191 817719
282128 564466
82813 736886
424186 167880
663360 270756
491947 300502
331693 441542
420243 613340
120550 368715
641951 637698
560317 957366
635291 624135
632936 784945
556200 863734
426373 945706
556570 664678
82973 389237
542417 893779
121855 427339
461260 530049
587853 466152
558183 313628
703259 422087
316306 121680
942690 616028
239007 742505
337863 515877
55566 844738
673113 459292
984475 10446
332462 273237
93099 95243
386365 492251
600433 36765
995486 31391
811269 712196
997757 701333
703179 968955
224263 761531
548467 458475
453190 832780
205857 95486
206243 363510
303653 563965
768736 536080
727812 281310
776337 972111
973541 115400
564660 951971
694377 191479
782073 596208
443134 609559
783971 699643
227582 366154
274122 686553
261457 300018
954559 632790
667554 289346
461780 33596
951709 62304
179137 180464
709850 954125
151350 733633
228688 378340
18677 566222
695753 68607
819909 829773
526240 698246
572707 707830
550553 969890
567779 633612
273595 876078
353803 139860
229092 517201
940094 664150
301847 595782
3775 872766
298373 720895
11161 602454
610478 704636
505518 704589
463772 630510
184901 653654
478685 153675
307194 135230
428423 52966
880464 232366
567414 808061
694317 698253
464571 1080
644189 943211
225404 735107
820573 221490
471243 382926
257393 415079
686145 703611
39598 255233
94285 334173
94048 665922
222556 535421
567645 665620
692883 768380
323235 324269
612328 638588
51049 180828
550894 174328
548310 214338
459236 521219
312541 498999
751850 424832
128061 523530
14392 336112
406953 419350
563242 378065
734693 14230
146245 538465
129522 341722
8707 350278
669308 516303
19321 552466
288962 394836
545997 117914
77593 242274
859042 937244
382666 399846
414102 967446
486791 304163
903604 918692
792843 853292
264691 452898
19558 179047
273785 310852
260074 122355
151003 943823
231155 769881
27675 789077
184764 85362
811606 750650
763486 138749
109722 196851
257100 521762
456938 599639
912814 951649
252087 69196
22617 658344
943299 496300
767559 167047
141229 837757
253156 412258
301994 563961
788398 524899
323727 246166
411927 36437
80534 273309
574962 948455
392768 349021
76614 69299
848382 589042
91746 58100
970340 93757
915878 718158
521415 951387
810408 614655
880051 891949
702331 64559
867336 683102
66473 858948
691651 775038
888980 769794
668497 366660
425504 395164
510684 699221
476346 280131
539122 971676
7144 477362
485358 315191
253915 883840
320651 29247
524989 301750
7584 50674
12255 355903
311962 947702
266081 181677
996283 667163
991090 341287
330472 643395
355874 288013
968435 546984
653823 74007
745620 20491
432848 974458
826966 842808
860427 506699
178007 475328
291519 575524
424483 278934
648339 434238
515463 523752
143420 964320
997967 832179
124923 734965
261581 853976
892669 87940
511931 739891
425265 424370
2756 592806
226102 160187
796184 283620
295517 818643
956517 339729
377492 184496
119230 579176
624695 739253
146989 571173
141193 4370
499437 167315
166781 354798
742507 346380
82645 134277
623541 543966
770171 952619
486000 856659
921457 210886
715627 894961
662980 660241
950437 251406
747396 22684
79656 207389
730366 895478
559695 347121
70406 725419
324730 618206
264027 114071
929441 279753
702839 31495
474640 330472
364189 245039
103123 896061
125452 873336
261926 678515
30861 56437
684952 696273
298226 283930
911508 955599
993827 578034
704712 438193
842937 12148
630127 431126
499788 622417
288560 91971
146458 696118
835182 579119
600261 392378
855427 695159
212084 254841
880196 915740
965302 139920
610423 799219
20760 526389
664038 786
885783 851046
564645 621539
754899 80472
47134 96617
920938 970522
175042 721101
484560 563777
440309 697669
598056 252090
968516 1304
819051 898443
280519 644711
677665 922146
191164 110025
586632 147162
362626 820191
760233 478704
606608 854889
820769 882847
157480 484533
429368 612477
56601 80782
203503 456432
313990 157958
701680 933224
292596 567022
644779 643313
516471 578361
284940 412031
888746 893190
861178 767097
748436 673035
33825 708991
754793 895475
658313 548730
800160 670486
36526 845788
881562 289494
118195 609744
549693 448316
965668 3975
472301 270897
46233 770285
145671 964130
683432 582279
539836 421663
842065 25741
725102 148653
603487 30056
382557 47867
424280 360194
710502 953698
981253 389047
91466 153752
961104 360608
48084 342398
129258 921892
386060 617355
937506 932553
972368 885024
535731 683385
628570 774481
523703 286446
12442 281016
2342 399251
824060 540709
300888 762702
991268 566260
210888 557252
778202 405189
147063 994839
711761 984418
578946 186740
354988 115359
489191 371518
872054 502072
870960 405283
953447 638312
187431 751636
507210 729679
793907 444819
905415 32370
33080 911034
915781 573796
725659 534788
485678 191558
213854 255014
597014 290792
799323 716017
621307 36008
128532 917799
198115 738201
798308 386655
188766 612908
617499 488229
850874 527120
704564 140246
995380 745489
16572 250376
563093 467538
286359 246062
156013 321635
438566 8470
522628 168188
812191 943132
596306 49039
340361 277395
270504 903504
833845 571896
840589 520459
742814 863210
704427 892494
994321 451258
75582 730443
436677 632556
785175 947801
985292 323798
720269 764027
129747 575464
635703 47975
103962 138234
377823 238240
768809 103002
446452 761927
340612 915732
97232 218856
204480 889370
230227 611790
565853 455487
330266 757701
957907 467448
6142 398868
180518 674983
833712 899892
95324 217482
434513 237088
541339 451699
37268 995769
119805 350496
273211 539349
581997 935499
74292 418862
349113 981194
280875 484394
311818 434779
755578 339101
464364 409521
353511 555281
293358 144471
255600 29555
786313 285704
748397 585294
775277 180278
176166 295376
364354 420554
222822 373085
888394 611073
954207 5189
147939 620906
795114 336059
200465 440173
288383 378026
350908 79550
621487 859534
969198 776247
373506 633042
616308 529636
174675 968866
633223 755892
252244 844536
742592 585455
508921 702775
437140 132463
520341 361473
541673 434671
900770 98283
599509 829525
954607 948488
865102 321485
566281 11181
101566 172341
372177 884513
956749 65882
472606 90658
999643 957091
175036 615482
68633 201013
485569 102699
145730 995054
585601 199170
711181 178956
224715 454088
338305 277795
537118 703113
999949 494472
33461 207342
219492 449406
546911 920604
307974 507086
414364 96597
684825 843165
671031 255146
836183 203686
128124 55483
178324 942507
815596 390343
773919 137043
909866 550213
8284 759984
263131 410044
437399 300031
417333 574617
738145 292940
261479 362672
146051 751025
593054 508569
781966 910916
918344 874016
624947 392830
96132 167222
565522 257322
446308 304370
406158 425702
839217 275706
1688 6736
11149 118736
42644 644393
952354 292412
572761 609182
50570 592949
945392 929855
687761 973721
12540 974078
950923 713883
307811 998110
878256 324000
437432 899046
396315 148542
890988 712016
566898 606925
788570 932587
537437 454669
409195 35991
336572 907661
615842 274646
366771 284605
877148 19519
685621 330163
559942 265404
332285 194505
558810 32076
519239 289825
370009 990148
273528 812585
92101 840365
456266 518949
932092 536875
222018 542960
954731 18107
187107 340967
577643 483322
472076 685711
683384 609309
560930 489081
891427 261398
598782 839176
161868 927880
428890 245962
344687 149542
776472 717070
853362 869570
525031 963386
342089 777309
834213 60885
67745 136675
827651 84135
689936 191534
973929 157112
227036 331583
911287 633251
68313 729714
972404 579199
620333 962168
773106 771683
821276 173774
990090 165748
324152 20183
497407 412599
266922 916185
817699 919307
804953 943245
908010 89122
773059 160445
505793 464205
217652 451640
50758 231965
44475 499202
843106 937264
567282 963109
946930 766409
424161 565857
76080 701773
710501 31943
563302 470328
523613 839271
595111 73004
639501 533096
355669 848393
166243 96231
52258 322626
612909 117747
60082 372357
453123 452615
520671 589740
476611 803597
629630 813270
741760 411768
857768 967846
951996 431383
344532 48723
466260 847337
392167 959916
759942 118509
159395 166672
21223 387897
418672 697838
195915 771334
293901 907141
381853 241975
756103 807860
174906 179597
921814 484068
739282 104603
799507 570256
824475 209598
568069 611787
192729 420345
81325 69287
419998 137197
484865 124117
459126 942764
345313 358631
828292 217327
845027 918755
635983 226586
532549 277826
654099 173653
64582 85643
284755 416377
880606 446831
968497 410162
946324 985213
489632 454301
544974 138714
839103 395892
622330 730882
90646 619600
766078 184525
879038 854656
465733 999902
990173 133715
625758 799812
684897 103554
240699 347649
288342 417497
863799 238797
343598 127208
764452 232644
15588 470751
58154 480111
153731 749080
266311 773102
399499 759414
711720 727077
329173 566903
446083 850513
928321 941920
434064 365874
731001 156151
957808 551735
954928 743875
458235 166536
608327 413661
674702 98323
222758 298948
190812 934571
919495 812907
627318 350274
489150 313906
357603 525101
52166 773120
949287 691099
371744 487035
577906 116770
664100 306333
513666 602129
650004 711709
877002 909260
926060 599629
197783 516163
516668 730660
729578 956134
664041 214228
875613 604047
692839 71567
715995 673789
770139 138793
304092 992525
895642 290822
768875 677683
779650 21161
43419 537638
878818 779914
289192 988586
696601 520945
431270 685210
154313 647650
119089 324471
990713 874817
416991 138420
546870 481447
472892 147739
185859 446969
754202 22181
933835 112261
448299 372850
613430 249151
648906 985042
878814 860214
666479 156013
713560 157875
465045 211528
380533 121796
922825 986458
733001 830736
500602 631343
627193 574565
469366 377888
790506 129533
164726 706559
471790 721515
695348 819100
58888 194728
109990 53901
325350 974881
524246 284317
247512 183973
3757 816472
302686 987883
803496 526673
659775 86855
658801 137727
749264 482987
327459 582358
847224 958651
185668 310240
727926 396536
904680 398296
285256 377818
677925 172769
650700 762145
57232 262838
554940 925098
696325 111385
3586 389038
522943 766790
231293 6533
479030 583861
31184 56556
720591 351198
50453 398353
372431 431286
323200 642339
733619 108683
956456 478608
450752 366810
476337 329245
169714 396686
312957 228582
672466 938687
392736 794830
461581 993878
905999 736454
207725 953230
320121 77274
788512 985043
361044 116294
763372 813041
438973 632922
818852 295146
250783 467461
830730 476826
658491 953146
900221 809846
479814 742562
786254 779379
295830 992022
157369 317612
498093 166615
686266 663745
482018 571349
196780 87667
517152 155651
414371 472328
463160 875851
762672 758367
181370 519984
563791 819684
446996 128909
740780 352189
81178 105460
66716 726952
282550 547979
364313 656387
85891 925475
118948 636377
54570 718890
340769 912456
720915 267187
390444 644069
624660 599498
888745 742896
717435 217255
861032 790155
257415 465718
350687 510393
422206 545623
875453 527697
732626 246738
130500 852340
970957 910263
172991 555197
763497 861264
194214 962774
907 901471
714377 42292
116065 362931
267406 304124
206307 531203
102239 904159
556447 930563
164819 822769
225389 391121
271292 187425
640200 997726
395659 415273
188024 852432
910570 818821
402085 106105
302281 346249
750380 361251
772400 937563
204658 388468
510493 554163
596237 95147
621437 783412
360613 939577
396470 297992
194181 989699
81979 644599
656450 717140
608263 395491
65697 418279
52893 683267
574020 29983
419169 382950
941281 613981
676887 550809
831679 116880
835705 286632
959987 259493
74475 581482
848226 797034
934718 337737
502411 538884
182887 9860
870506 681979
862151 885539
337925 344716
76294 96208
799494 978726
290250 967483
514056 264517
86089 263557
199887 485256
900498 480350
819200 432581
888641 351253
584643 982000
636329 663226
709473 326253
482772 871967
828648 856738
52688 650847
306271 110204
640365 722643
484597 465402
78731 184986
443230 187948
980896 144576
849391 427522
905507 181934
769557 206696
294313 853794
860793 782639
512189 745679
601303 879850
116548 170146
291784 692754
552456 389284
552952 640828
848121 661965
253989 165951
936853 681035
978772 322605
898637 292921
721769 97613
467503 267308
906703 769228
438629 308630
644992 778181
308265 240667
457127 528767
345098 132836
231202 900208
906473 119615
704663 551550
838194 356440
146853 12482
221620 285452
563238 123213
123899 497392
712470 315307
761878 582107
552971 98994
81204 585426
648037 668537
981100 926378
242000 873876
662120 782850
562614 692784
46948 198867
747183 422599
209052 191092
176129 884219
855058 390019
924699 174201
336394 712394
211488 734712
434663 961003
784873 447710
371866 337072
1580 951581
567839 645784
225123 668720
607995 508937
118477 4988
527559 468597
390762 611026
775263 284990
751035 396103
329008 580106
845448 463172
215838 850201
132327 235411
784080 625922
261378 606630
210428 574181
49785 948078
950785 752720
523939 610555
790694 203753
358592 182115
277276 30072
986293 97419
155776 973948
462854 285060
854447 20194
106486 814528
503879 389631
929245 36258
711615 463178
852972 458327
688494 180981
754268 674278
16491 561861
74014 541560
613716 468236
318988 642881
373698 148350
492253 867762
694243 484626
734024 893912
155342 93314
107795 983248
23044 301126
102773 31838
942640 679510
571498 313643
113291 872629
212311 62156
709373 302615
524696 560188
211051 382390
299088 14707
335936 785272
992442 330465
211369 300041
830488 252953
407035 794384
664388 908828
152724 788236
693523 851581
16547 337020
300776 533785
113531 93917
788368 27320
479865 76911
560557 542687
89181 342472
787152 241658
437022 261353
264490 268537
89289 716480
737340 259177
819161 377459
478140 629371
262186 345512
264272 141524
546425 267027
828009 937587
327316 359394
358843 884563
627101 320906
148618 574766
976108 464588
124007 165041
535844 546590
899155 826926
187988 91820
397747 453168
363092 756885
785403 355837
600620 632803
870334 568745
248268 862820
675963 493920
172059 534888
170152 611078
36125 270586
211348 793425
377415 54695
405050 76659
928619 680166
470389 35007
93736 285262
815150 893637
143920 162358
680401 206452
144214 665962
518204 48435
239707 251317
235932 799263
196445 560440
810070 457334
809640 931285
225455 138941
339359 645007
120543 744717
719899 819067
256204 364231
199568 788458
518750 629626
916962 547888
614404 101262
900263 823956
612488 693643
108281 343637
701488 840427
514424 114639
792354 405595
294278 51098
246450 517001
918996 96809
34180 412392
213097 415601
10302 820928
117791 48057
892275 270356
248807 254674
570687 316861
168306 172381
891119 987668
249236 264573
303007 542441
821230 720365
254650 976107
1412 598209
858994 871006
861329 269678
799940 269052
820560 23825
284494 74271
924516 479647
866024 152745
822883 427883
415269 201255
258298 603387
348843 679105
972852 660969
342975 601586
491433 791942
269683 880938
922491 242125
553031 664519
983502 757108
817219 894138
993158 234880
801904 119388
736233 673110
472200 606571
389566 687333
923430 548903
165811 292008
648998 899558
881309 389008
532082 103592
259028 123688
269720 25468
738911 338811
25692 273873
766011 188541
824247 173691
669414 241230
380944 975634
118406 289383
763514 817296
860809 552083
982017 135894
704266 968895
523565 3995
15078 80407
126091 426988
979544 319883
84329 357550
426415 919733
908993 790939
650955 597812
729780 189552
744164 529804
910078 920027
826106 148617
595081 786546
49314 118933
467520 915296
594197 509461
661508 633773
268844 87513
363493 931610
974198 666135
91402 64307
754024 184813
423305 736045
547315 357987
183079 581199
56745 204055
873367 755823
376674 9757
769588 890250
552227 494828
299941 372653
9547 339426
585387 502312
576962 307308
703937 932262
456066 942154
981472 616603
177503 999283
456608 181054
43265 182616
382168 880261
398715 434912
926792 616268
954414 541512
45752 534426
279365 483165
172434 541644
80994 156774
16262 403422
368444 384322
367448 457538
538297 675934
635309 161163
627352 894447
569527 782596
825513 693392
620372 317668
41107 540648
25359 803488
147317 984744
510048 408634
125981 24010
456737 179888
856309 470111
226867 942296
791478 792452
674423 293799
324351 339340
614788 760348
691333 72351
426149 225462
805677 54216
71140 603472
281212 195649
600987 162544
15818 6258
811733 837080
290050 888221
784372 604918
217742 453435
883076 489150
207474 295680
686407 814300
580272 985101
767056 979586
691528 914360
150619 576146
453685 171663
311142 179317
508893 268093
291176 490648
993582 243993
761135 727378
734092 125477
803641 690304
256448 617305
873643 855525
454646 287711
647656 93483
488991 825208
441958 322466
155924 493638
109522 46549
838215 961860
81660 443568
292431 786529
718457 481522
120327 43634
791238 616964
291531 766211
612389 521930
603933 796426
628226 193244
381125 510502
727471 806422
986659 250726
822766 13478
184537 591535
620042 667839
874162 183771
788243 449094
983903 535374
820620 704924
106667 886613
782538 317172
917575 277453
366560 214437
220539 953629
423692 616021
147599 651711
563323 413417
181014 792998
870174 628420
210060 717885
83901 374462
277131 338880
238660 573710
344091 779299
231732 121329
731000 9527
751184 654963
584632 272577
564527 387810
140958 300265
178706 43734
799490 321041
104757 129761
351777 526268
379581 72452
653042 635201
47089 998317
724973 137292
119123 663275
686919 616540
213922 631760
68414 714963
900402 812312
322262 974951
507206 804130
676777 233003
236593 769348
608656 905498
258071 180644
33079 411708
651651 405810
971608 886788
685360 673083
726344 30232
708796 147443
43427 461101
639963 162782
51635 873719
535197 763248
901651 935504
433949 664481
576053 587037
636489 248494
684631 803550
831786 841232
677922 82841
276163 17178
605697 828750
215521 148701
696293 308949
332585 628072
845272 153871
526622 786651
864002 118445
340337 308555
664623 504186
834225 66009
639924 705692
372774 611713
355390 538197
282889 761881
404668 572388
529130 644717
315841 665913
732502 516013
738890 270036
52207 440292
627760 202641
618801 376613
664470 228677
521621 208124
997181 555341
435070 119140
296244 826443
142779 399342
817650 248944
763864 78533
325563 480502
883209 744740
416470 991648
972198 841561
636880 947146
95543 686226
252413 651037
524454 297370
144649 207288
310423 910969
947582 966988
364334 224957
630255 283339
82781 19071
556698 62681
970497 808241
957287 84425
131389 708062
403754 331606
500101 212540
548367 909118
524271 241367
149063 76347
900286 630694
417872 548339
331524 382887
488937 354006
989693 12729
372290 25832
992274 426144
35758 843470
290467 29873
213540 889541
623956 423984
477967 191351
825711 691900
910531 624510
639779 233615
77482 216266
188231 436197
740298 196339
334219 531788
926345 555221
933455 437596
342502 954009
546528 526224
154876 821236
752721 349959
479657 121837
118748 691954
460390 107911
942725 683621
50378 892541
627364 494965
908538 724538
402720 547265
564038 696908
786709 730669
948566 374408
763139 538416
852631 570242
997421 800914
979349 599366
277621 153698
269254 661773
744686 980869
604746 205220
795014 208126
2518 840431
938703 485855
924883 555508
468721 402139
422322 38853
833772 938256
824212 75192
857841 355760
564800 447226
862560 655925
237681 41218
727881 141123
962909 919556
578582 36042
803156 753483
168374 587859
33979 987155
912617 192169
141180 477585
610562 410161
146688 687639
117719 917293
242477 129857
950379 510069
307335 12441
102675 991917
89067 535527
260284 648418
128868 151821
335238 833821
686642 232433
508061 43026
376041 873599
134108 494897
143849 215598
291537 353165
916211 310281
962624 50489
298401 722066
845215 939969
347632 149009
287305 497977
660412 140726
478172 254396
925785 719719
670821 383867
120144 398502
162112 697476
663121 759125
31677 512450
950354 722077
204299 322037
638758 691626
421846 254125
122656 503478
812170 300734
622038 112963
248756 167769
852878 108169
884733 172131
87497 788411
599516 879084
592085 855899
550436 494752
578667 884542
212930 415633
388015 77420
812017 688424
164273 342058
688819 489316
655872 104281
155902 522914
422775 266917
724340 538334
917968 284260
137048 925746
989826 967962
523466 693213
998452 631586
759699 524291
208100 801478
38459 215271
492357 518984
940337 611598
830099 296594
371138 370925
67487 897625
461186 31111
41892 130150
486907 151541
303137 891491
600943 812355
299409 395657
375991 726071
321421 254174
63983 257787
598779 268169
934007 22497
424986 99070
920105 580480
838327 605396
127913 374138
319138 517964
13959 122923
872245 245085
463640 738205
266931 188385
706603 649168
704570 759702
378090 596459
702505 836707
871226 195698
26998 211640
940910 281687
410997 471821
780882 490819
965173 15685
170410 138696
372573 633300
898153 8030
465512 360188
343152 624855
763664 508342
604974 305747
228214 764353
908218 182716
410234 663373
595445 423927
472019 256307
4831 476063
195912 309023
995237 757530
102397 345067
125977 370777
542097 471340
268310 7446
47240 429261
170843 863157
97625 177399
624954 521417
622752 536431
985352 10932
202373 780102
954744 580641
797130 318972
502761 805944
522156 844813
273820 962180
130743 46253
765245 842541
491555 599558
297976 412927
988919 927149
432556 581994
846811 810886
31348 507837
347065 473259
865334 990822
582663 89086
195092 733259
137737 770238
508314 339654
125053 49295
911221 535639
625412 463199
92612 989327
375841 459152
303877 506528
737090 981849
126502 62210
556195 488996
583625 836728
625491 32000
250498 999253
452095 447192
739900 665590
996489 662314
295291 137087
748365 931058
182602 975884
893572 278644
300010 604509
626936 152929
545878 240324
699486 823028
323477 33996
700530 311260
395437 112751
88849 960395
612573 811421
654723 268291
765357 75132
545431 523242
579538 845934
679353 468607
291122 100960
843895 653058
83952 132006
884485 987071
202718 76285
588199 46946
715348 696946
416672 829926
594931 931549
497491 468915
128875 879697
917996 129490
201569 180521
635192 217519
999078 270554
303374 670692
366128 837092
188121 554993
825858 56450
570897 266828
23531 486303
719884 197784
651831 962759
505448 862245
285841 622937
46387 844322
731771 460117
687630 881268
659464 239140
11199 373133
332520 413516
178008 265550
12144 41963
474663 782843
135670 891008
610982 846109
155151 612382
772991 165380
165543 420605
203046 181664
309357 279260
752237 4621
771435 586537
357008 761520
783486 474887
236926 874997
955763 489784
126718 519052
908626 863142
454237 178010
258737 262865
796118 930973
645187 586980
502027 899375
485343 525143
221936 587926
306778 568893
422623 495439
791874 392441
391113 13512
530067 916094
824176 924799
36964 413565
852038 681749
960512 131664
277521 529473
845992 596355
292946 637038
120895 13509
908854 939753
537943 507192
561333 856072
582945 834908
707184 427792
920245 280401
844991 507730
871881 643601
70390 167249
969804 257813
568294 564840
499540 290779
24854 669768
587401 893759
796602 800791
143814 106988
371014 263803
937811 507069
587176 64356
270458 978892
730825 857270
369446 439203
776743 867651
427879 948998
102988 382741
545021 186391
153856 745026
36357 359846
67957 262373
208700 113747
828472 544801
740198 994858
227088 949475
965351 430572
881651 801062
294672 629926
808959 104621
553993 208620
55054 599404
519108 903007
630744 246412
360234 358881
322924 898289
63407 433385
763689 780495
331412 647490
678490 96842
607224 677947
319083 155149
33360 27625
362236 750224
639472 98712
744777 517748
319176 791844
61247 725354
150306 834031
902190 653614
968047 308061
316839 762565
408596 215291
979837 177268
696142 392415
491955 362924
494974 151598
991850 915807
141777 693577
170285 156263
413837 616865
208554 175108
783497 815580
785873 421577
417282 216859
371052 111792
262424 290030
614932 229326
639745 88198
952932 747359
249154 923624
886 754226
264211 186945
49544 255612
820700 493161
829137 667515
219175 361357
698978 30513
294388 237785
819830 159251
840078 471519
568717 698763
603361 106993
164899 64075
19817 218003
978101 679970
592237 262971
399911 767937
119928 272354
169097 116897
61696 907105
171759 58681
317444 764117
586520 999349
997212 103076
740014 849950
121909 172298
683729 87408
179830 902705
632711 755735
512932 193544
430946 803260
295837 745785
866675 822001
520681 215013
270736 605551
737384 801399
537924 332173
100062 606789
738830 486191
517546 645781
389498 494844
833886 166910
348324 136763
111004 430562
172052 994955
341160 701437
621458 20164
575487 485261
226797 843778
263700 902682
345531 52823
9305 119222
740909 698368
357581 400644
228164 853827
256740 240661
552250 837804
525519 105827
131985 549526
785764 294359
213292 281320
592092 736064
979960 935621
831505 934503
263342 112594
245786 725600
239966 393521
224069 795524
303738 934772
850160 551651
620843 333692
800765 701272
522375 522420
761008 881758
242038 95959
940492 661697
771988 159460
377202 844723
75082 175205
551981 46218
170834 856216
399987 158545
897549 360627
797783 394264
464947 624083
678806 810703
348744 877700
942334 425999
67887 252914
581301 479291
931271 904204
975140 950051
776917 584076
40976 907935
963766 895170
79045 530073
653796 101218
308055 3053
557454 996312
588768 968298
453884 771170
957405 508996
662823 451494
816314 891734
289023 458969
891950 734691
112595 317004
7580 985488
917643 913861
920838 954896
373305 983896
738407 707708
169823 277261
988684 789792
410184 979359
258545 641937
535539 298953
285529 78573
668664 269088
648409 995216
871077 964460
276734 505849
680723 814827
166239 134050
511609 34342
157844 514102
215412 454738
832194 465400
817186 75282
361530 841092
210281 268992
121113 416150
324904 923184
522026 358012
944068 468932
617130 742030
231768 160093
737072 752393
40892 505400
621015 905785
890769 109611
58165 999118
932317 530288
995054 804389
366967 59579
887011 493632
346051 565113
980502 696423
870869 906145
359393 183283
238667 731366
329048 783252
63143 179947
857218 25952
344609 679646
852467 531437
807741 462976
505349 629505
174900 918041
413549 488854
939725 533811
881893 981284
866334 84942
456610 43284
9644 189245
198928 763749
755569 337491
407322 299763
768011 581925
895226 870577
932431 934033
659297 11797
361502 86509
923363 386909
312855 777462
408826 291556
826694 160904
10649 478111
964294 156066
299320 645475
487713 404524
826661 343335
515037 169448
693512 734211
290900 32113
299712 633321
483775 359320
404107 139702
942606 279511
290420 506301
276880 878471
882571 337121
955510 836856
452607 801524
418249 125896
190899 15781
354326 265066
390074 646844
300199 152091
562677 870628
843557 493040
152384 184967
373761 295718
997436 994698
697936 915866
703581 2372
232904 451320
126244 42996
500473 318456
244873 275591
489528 87520
536676 409523
123509 834318
175594 611435
684786 636082
851745 761714
24970 415848
36362 50924
737087 154452
120083 410352
14990 840323
994145 731092
588343 227888
493596 158051
137338 104907
301042 254508
777359 921981
744008 465696
205619 174308
686871 903252
642909 222377
901173 3762
835930 436368
830274 452268
738928 805732
183707 914227
525691 893665
893816 486417
830388 174375
436460 398840
442636 73351
605683 806222
530790 156938
489516 570775
108424 872783
523838 719216
240856 528134
209883 859251
88110 75104
928136 756949
552879 33129
529713 640507
129739 66796
251653 632155
696322 415406
403840 183518
937532 368310
84611 56212
917638 141755
474614 445165
907710 949239
562549 373968
910929 394010
203482 727094
707696 941114
385012 841147
545916 554358
366413 715287
537482 283729
801799 768992
175870 849539
104259 963414
276202 45019
650937 691424
750477 38982
169312 452318
487429 639867
935804 171967
807309 32880
615763 460533
433526 939812
488456 860786
170398 108463
944472 614506
832331 313482
981996 936665
845581 956182
631410 652262
78757 966680
926902 124367
169646 132248
44302 130501
49370 561401
314546 64754
743955 619952
983483 32702
409781 984664
255735 933208
63096 109419
470638 994551
552694 310882
302876 851305
35242 293913
953070 653087
908689 455613
141486 817359
783298 950558
791324 447219
392366 753874
990050 593357
214528 824294
754430 49839
173195 712795
356832 228997
851250 366126
259745 495505
793449 486269
768035 677923
326316 190207
263310 982746
894845 198316
703810 266936
764474 708999
31819 276300
461029 102277
256888 615869
994352 781761
508763 612158
534796 704505
963233 973967
165667 368823
625007 17060
826947 404114
844891 838057
882423 122574
697974 994128
497943 904429
952305 148410
405214 565849
13852 597628
664020 637129
596670 320165
824406 9337
793643 22375
856187 706683
22493 861298
360841 641894
6586 967081
743544 410541
486319 352581
111844 291093
913449 196007
921609 219612
579673 120591
627692 196094
797333 919541
461845 213949
162577 21792
677343 760875
71131 841887
220349 360137
458583 373834
442107 663097
838445 982827
611668 689748
703070 219660
162057 882366
28710 670555
667953 392316
233624 790657
952388 181355
427498 423878
724188 71638
64667 247002
105547 324247
279385 794618
996983 930823
798022 516533
699829 849182
653479 624832
657413 449348
186970 327871
746306 524864
430648 588507
737669 194475
793400 339189
423291 716210
596693 333687
356772 769765
955968 600950
171211 759902
507123 18509
302375 544986
721782 459082
550614 107929
926932 543436
963665 734600
484902 404471
802202 435690
942683 321986
974673 596091
822067 305353
990128 130936
294421 3587
697751 4758
419346 921043
458458 580825
281373 164674
853798 428200
42987 588652
85563 456584
158091 617979
188765 371564
223565 498830
482354 758743
856651 654983
55268 693736
694607 32248
847630 730649
945685 232787
183635 805005
655158 215447
667485 873911
968508 844201
718448 648321
610377 472829
825551 206705
690263 568645
804692 539144
885023 501013
977031 594290
327976 591492
621843 392953
901776 272401
231830 450848
537599 300762
784743 604857
969688 886749
290744 362731
788558 922624
456900 862344
637573 232685
183535 215414
769033 540968
354792 470054
633021 195526
668854 219944
634127 261303
61097 344566
29750 453426
173382 829377
234290 225580
710195 697541
564361 740783
871147 911720
942801 162039
161107 567165
958102 826014
133896 703052
338804 162989
231023 780677
690099 350208
119524 3045
796350 423448
426807 634897
915552 103832
707927 794781
980079 744895
882422 566978
125739 280597
342307 971763
354642 710882
886927 354249
706219 740722
588816 137245
77617 575073
470741 929839
765473 340288
388575 504456
64684 67311
7111 729888
478257 938995
43477 771070
590941 519590
681222 598506
716298 785590
950815 467186
523766 941358
981174 668210
923506 598372
981681 683371
170253 932379
73018 306483
33708 807596
184165 273755
766259 611384
36336 173130
725983 107279
184834 598899
834246 60072
457338 668507
465990 675801
260537 624156
993579 134538
803213 569286
591247 167887
557513 721442
319615 879993
334482 446257
164163 854927
345890 835839
16873 199685
51350 537795
438660 96318
515048 773143
996784 875234
315567 112952
564578 661352
738950 240490
931926 513097
341074 999733
588591 289409
870442 929381
496393 500705
704700 876997
901224 275567
159638 368934
795854 595836
392447 132482
26579 799454
833892 496883
441070 344067
667407 574832
54760 177048
425509 896863
325088 121719
222105 54115
76494 208315
988203 432712
927012 235458
661080 93130
695316 317968
4466 574008
884198 174785
348763 960959
64728 242327
353379 51798
649930 809923
53229 230519
926076 602135
182042 609431
285070 55154
618156 753507
807441 819384
903663 520656
819855 276438
103319 158969
884697 485586
831518 235595
165993 512200
448223 435822
2903 469626
150311 984963
259370 397449
733980 895011
9581 765215
25178 423851
970157 533933
545286 823601
860950 321129
653386 428632
329772 932830
767364 440927
928030 871871
974962 974022
793121 71505
392022 346049
551602 91997
575848 612055
579720 52159
552426 506098
173322 234311
40810 450715
618762 327737
58013 976718
304857 780279
643221 687164
260872 469228
158925 968628
187740 530418
794972 689041
713246 488582
133634 578471
243705 993099
122122 336963
105070 302681
563913 487431
318577 892100
380577 842384
196551 26424
838089 197727
282385 106418
680928 537195
7589 916701
506499 924928
764153 380265
652726 194875
61074 954124
602351 93142
671925 696827
245871 287800
510977 245642
936669 490494
676883 296287
840397 211238
156848 658714
677803 533875
24988 936782
215831 911807
234037 356512
233941 764844
880410 146359
717451 546657
912906 193649
571357 652617
902054 894683
649115 769336
640459 253223
621636 15481
907849 325150
521008 989317
814323 158524
357825 888511
290985 931210
285505 484348
791645 176500
452554 463385
318169 835167
105486 558287
904462 545161
170336 805140
561977 633311
516850 31816
978267 903366
291827 411089
497741 608229
70564 229383
831962 178967
419569 318730
729965 977257
669491 282960
375065 800110
972725 392296
404087 245455
851385 11691
211993 634481
542597 621729
106474 662176
211789 856206
113443 632632
51224 753205
958858 242183
9240 347381
321317 754003
332100 336914
672984 805453
750049 371527
416373 388089
335075 325695
47079 14213
211048 57487
396674 148222
146753 687182
757806 441418
926117 455827
690154 611726
413199 102510
329681 291792
635887 306304
56038 307744
553559 716186
848533 514727
579930 97009
717544 12828
361152 74633
326364 697738
796881 307053
612268 204425
202906 844971
622072 309839
790295 194406
346810 343666
48470 640977
475809 576120
16704 741474
298682 511421
987133 299761
524297 507986
657195 403203
321211 805369
723653 250552
130286 387883
44993 116008
676090 820854
783385 196060
481361 313068
938880 620533
143462 484617
802587 187289
691672 239842
555950 527216
740814 488005
331544 314215
574686 337846
907050 710891
119700 575061
36174 657642
345923 363445
514416 559096
503233 980941
48003 851614
761673 191869
33385 318517
977483 387380
482952 591154
103030 609708
648686 284951
56375 864480
826080 686650
974154 962522
370724 864414
702359 401879
962495 814121
99475 276728
518367 596474
404090 797396
123846 939630
176627 30609
742167 75655
487529 867534
915364 506529
370248 836187
915543 332686
568342 171780
890145 865771
216297 911876
101372 644632
941149 701394
845394 102405
547425 375247
587532 931410
745145 273460
129597 365454
546953 65882
677350 865906
945781 692237
770104 43750
192357 820246
519527 575913
528668 92376
157354 646869
158730 863619
767011 348309
814539 262400
354995 48197
718498 258597
265384 59386
473058 161831
844394 826229
295756 155292
288772 149968
638467 291678
657543 800568
111894 925301
64854 839918
511495 55519
404146 500704
793751 129667
460484 933888
969659 757202
656641 228470
906384 670476
735534 8608
2020 421231
521206 579223
119573 406386
214972 991766
234672 193199
993288 772094
120520 974314
577814 143492
419661 680148
872941 906307
444779 552660
216466 233685
522753 224553
598305 308370
113256 825863
781113 271918
964395 770638
344759 464087
335200 465749
591202 491343
643418 678053
132851 639644
565427 32051
69669 414047
604475 565441
489818 187672
888580 312629
735483 732482
597904 25253
417531 707012
44058 773352
576182 430118
324644 841173
33975 679003
402309 968255
814469 34157
859036 160837
275862 938497
856519 472498
181578 144145
598785 929034
476728 354371
903269 143828
814983 412527
104039 770402
467902 392191
151582 292649
809178 966698
356524 425641
88958 810745
121842 646469
265618 856787
294814 791568
639797 604555
474379 831425
411561 489425
963319 592887
858239 446060
742096 461713
987421 164944
250224 722310
465045 303997
232325 827210
638388 773969
983577 325730
182499 618643
10187 600212
488435 429042
104922 780427
403252 399913
779013 944118
423486 307941
746312 816817
362814 880902
33012 900084
865386 267544
299230 168059
752162 907333
73124 952055
979455 850603
982895 296864
196120 72461
349134 226276
325787 152480
994632 945144
918740 717329
119380 868256
938092 640909
56411 479674
218614 307889
604019 758382
693753 429050
59386 265731
85096 373346
648574 876723
624913 690581
552166 590718
400644 144170
411615 308300
512792 875327
18802 981056
695021 263607
743700 91953
706041 134852
248864 108183
343839 463081
734297 859141
608870 899715
614711 863281
436928 889756
369228 483387
695761 863546
740001 595381
281301 853634
363223 766801
227020 723813
868655 953808
648965 121883
10541 526951
63004 905156
224987 253441
431596 529733
331116 315594
104777 148362
793333 790073
322101 600100
880578 400132
925058 286558
239547 73181
507363 68204
339515 569359
95728 749901
146833 514719
126942 692816
400698 786969
566774 341036
344916 715066
429299 502351
532526 709443
206451 605819
874179 121072
140082 671873
912818 609379
273557 687265
45375 496166
546308 556210
199091 300964
160122 895432
130729 338799
195749 14690
829836 251214
216416 351903
453640 113007
912603 54632
235830 178774
850086 974765
31952 913689
38549 993584
681384 91472
377364 758470
473656 979238
422522 794372
452459 894508
296651 772674
524112 285425
703064 962415
761932 413043
753440 555136
520310 307005
853866 411329
51841 916140
970407 605981
20396 917287
796113 712
338283 3422
327636 504111
45609 310947
120520 29101
866681 21448
595336 761272
697018 781670
607433 825442
623485 13779
545017 905265
390836 163717
285144 724007
184914 576792
795007 441008
593825 755336
224573 130571
974194 892799
282303 276646
734238 581938
132716 91724
245798 642614
195126 921615
913936 928294
77786 764578
18515 461692
549213 264558
153759 171492
355714 450717
738764 97068
845727 21209
166952 80232
590691 406080
671359 446791
409825 5840
74352 911057
651705 467597
887035 219177
76288 224598
50265 828386
862490 647714
244339 36129
862265 415016
619412 402799
284134 239571
948063 422940
147052 63241
212988 200770
557519 648444
107247 276413
664978 118965
635853 769111
907091 119143
212795 83774
309826 597796
297058 638664
427925 764448
608130 376800
347882 11769
412354 324324
704831 816221
835823 648718
141555 100931
900022 682268
145234 818730
209008 235872
896675 652400
360324 400285
146840 562780
78424 471790
263934 288044
354048 843430
366599 919628
44258 758227
848580 977886
177092 954710
909218 375248
796549 65908
812358 693557
465691 419354
211520 988363
358701 777091
787813 54641
260882 841218
763165 699764
255763 712790
267475 40425
610948 251186
574789 405792
532413 649343
479047 840582
397077 869958
481348 975459
605189 622222
512634 700538
830121 681406
951477 438520
649306 839386
127159 180718
985322 37728
62938 900937
592481 82118
230501 593654
817040 213901
699714 354518
816501 58245
501540 508844
326989 556490
828090 439084
351851 290759
2135 122528
947155 630652
917060 388428
691519 774306
913254 978014
742538 559203
182646 845383
347189 812643
721793 991887
739044 568933
356243 966677
924336 162114
283313 992446
538301 611858
103851 254883
802308 849323
190754 8919
393862 812918
56048 852581
471323 805618
790366 363495
92227 410641
647860 612980
200335 766664
3439 212917
307264 803616
613131 121594
988100 722282
836075 562388
578117 293117
29812 985160
684288 569911
89113 931746
698327 121039
270550 126843
758348 524460
316458 792341
97873 442347
77254 530874
440877 267974
522442 612787
750019 942494
248785 865121
865591 784455
437484 852732
241305 912849
107708 676684
399535 318352
466194 526004
905719 730929
995034 403480
565005 919643
563199 17989
343014 857291
531140 273850
828743 594077
359360 686808
216353 657216
276564 276604
62251 164099
834665 403839
955896 582851
728135 775510
661657 564106
713984 596362
882643 510296
293896 15080
156404 443108
547995 543579
310786 316117
4543 718605
633071 628559
133972 646982
387030 99083
239611 214767
453972 216977
529763 147028
781778 805468
673386 45714
559761 800209
419170 290299
859777 400026
978552 807386
111058 610551
998066 264807
626756 139809
564804 51941
346224 173626
867986 315830
573806 954259
775211 442499
310691 394843
647531 330623
522661 412592
514822 992030
547857 873391
141848 837624
712781 268214
244068 141041
932357 637184
946538 804183
665029 110017
633717 632848
573596 422783
304765 836627
806983 221632
948687 630544
120757 86292
884942 387423
451329 352314
404772 286395
860054 724335
901279 356428
481497 736857
325319 22228
710834 608675
660580 36695
17637 367036
914191 108507
599190 93682
186096 700047
411248 213331
856824 740101
716085 242770
42837 243565
148170 823230
762964 698397
851530 38097
868661 225416
627421 481197
672675 862227
337207 687227
401561 306885
327216 905441
461454 284192
126985 721119
985981 587208
569786 277903
823 284329
198091 289736
639601 568800
952992 256406
357492 29634
765287 304690
766946 522671
529468 501730
147224 365867
766206 852819
517250 837324
982955 167382
398773 247080
698079 610191
601467 529129
376685 746141
928786 968759
164405 822978
106877 468175
530112 644996
280305 551979
424688 789809
477677 30799
718003 868860
735527 48897
831174 679609
366034 828493
179833 233527
777723 243965
283615 949606
500502 882587
877610 599579
647737 210612
736370 590096
67302 115119
46735 721524
317235 449741
351771 915730
354866 308504
347169 440218
283897 884253
109459 647482
573179 750080
841133 111672
82974 812883
553489 585152
826824 622387
598766 361626
305170 37021
887316 257128
194278 825939
464611 482811
212556 765751
811349 552348
745895 328548
405484 50633
752216 577236
338578 488764
119116 323672
904241 623002
881611 668640
320838 953321
961881 450034
64143 711373
640130 862164
571622 460340
153782 75715
444970 562569
328069 351337
280889 718384
219452 182136
164726 674760
487279 969594
883168 70085
759759 696857
469724 386003
116992 842244
662311 675091
43782 218814
801036 320048
703821 643295
154556 643173
128190 955610
366742 951643
196722 320212
846170 192743
503 349692
367097 62364
15676 72515
752719 309408
278855 308737
313688 398041
547133 574251
214117 309860
943282 175275
333852 410127
349754 915694
642893 178339
422153 571579
958057 565913
470763 506271
22728 536029
112281 38051
650668 346262
856194 228519
670082 628199
72366 946840
263421 714589
827620 462008
143860 769541
196793 517124
666195 537104
993418 206510
216322 275083
650484 884490
41030 161854
764419 425291
503077 22214
725326 84052
713106 122917
851762 902261
690766 438771
564879 495442
936315 726113
739061 360810
298153 892812
396431 767523
751237 93914
141484 327519
559627 171595
8094 491649
889816 99748
891109 240536
329713 980468
213537 924543
713685 505696
520917 600240
873008 166770
958053 875297
342066 532616
59062 538956
26010 679518
537090 465791
450361 38018
190547 46785
495651 112576
121947 849728
701963 454555
995193 232270
993900 47142
417269 132783
413568 650776
928812 419414
498633 308823
811093 674769
848164 915835
578741 586718
178024 685237
820555 674519
480095 341137
995388 639227
419047 611970
985049 439105
683031 974439
78240 271179
960238 827906
613456 21260
554388 255708
577746 724718
344690 25345
953252 972371
8655 409095
763761 579213
781324 75994
416635 803086
847320 661649
706774 816091
30801 500839
472475 369603
244500 386953
419843 795692
117008 470049
692762 810909
975088 530645
817226 455495
505868 768497
228374 850714
756188 964823
559913 993180
890314 843141
681335 247577
272768 739635
378793 533336
873544 260409
939417 927647
814959 552875
392952 793218
652301 644927
43773 866738
967065 142213
273571 560826
267698 445303
571460 101862
457345 719711
843211 877668
113191 678379
332060 347119
102789 14590
845711 178914
167639 140257
401272 564814
764575 967707
173742 285278
855935 440574
644208 499864
367577 630051
799030 63771
530532 615921
917268 624082
331252 357544
14532 778621
314247 8954
79843 156613
209410 965782
368365 638967
448054 561669
795753 827796
942840 110823
846021 816555
347136 664468
859170 835946
891441 795999
440447 254514
284305 227076
440943 10022
731467 569677
238782 917382
991954 692994
218615 535877
378671 675271
550088 742921
502016 306140
827043 729771
329608 142279
400153 447840
228019 56450
446425 250034
201010 565945
927447 512416
634081 380640
630681 826271
791152 113169
828590 123095
832821 875008
671494 55193
687241 113587
22167 587499
107443 989044
891962 63174
299401 447277
126528 752891
662842 911801
268714 867818
214432 824330
180160 256973
876373 637378
692424 84343
931528 966581
272540 19010
941045 501546
994115 217263
367317 648058
398825 239623
72159 318449
588189 153882
999012 528283
903553 319195
383035 614478
213093 633289
152185 721305
336471 527679
126253 355843
786581 403061
733610 83419
407930 962705
243936 997007
834987 495567
659803 273799
1741 318239
73892 639093
304492 556797
338369 744808
880177 252639
618023 580503
817308 442799
821905 952547
798803 692798
995235 566431
596786 362344
673221 243243
238065 240205
573121 599610
352881 689134
155776 67357
854099 955038
801047 261521
393006 192844
94701 400837
52952 186080
951822 111508
103199 845530
641479 511733
800433 787043
819947 880592
730686 548407
219292 500424
894076 14013
921535 857513
91253 93710
126222 363008
444170 634086
894273 76367
423531 427365
629971 679921
237615 291836
605416 658438
117136 810377
900436 415666
991339 978154
941578 935195
452759 790361
795437 730564
241276 525041
376191 785101
809690 989342
340064 151716
758418 410359
188796 953801
19873 589931
721597 927919
935213 798065
644921 995411
677484 59222
759607 902061
543575 662393
536109 872049
249164 88225
104813 774569
630045 48456
226729 179415
772399 944360
870463 202744
84151 7189
757542 428131
778202 435548
6450 783402
592752 509064
615524 803730
829105 466629
489070 599985
276179 688936
495325 352587
724621 732339
318264 680378
291245 103423
749752 596752
993716 435772
389409 407923
81689 292611
255042 167560
767455 47282
538139 655711
758376 829468
101207 166059
504886 25936
444379 172954
299616 213179
858610 607698
331327 114184
625740 542349
876171 416760
168935 489409
940653 286059
450587 848580
626069 634619
62112 729098
111759 680277
957570 50670
631083 792356
710251 470743
894296 881757
281073 934683
679746 678939
295518 22717
429894 728614
651002 438302
641023 140499
290922 2592
192477 416381
260521 85112
918286 635324
731323 98631
154895 47192
776791 243958
504970 591267
986521 226300
18984 928888
907460 937503
621327 429579
139133 757575
182327 867488
229606 964217
775925 823351
317004 931474
557312 416188
438011 169234
366059 744028
233242 516149
706782 545034
276119 802132
608007 116114
746533 286054
15401 477624
675695 33420
671050 448018
470203 902105
777032 504710
50169 866589
378457 636079
330572 338418
145783 429237
261840 878862
734128 249190
503463 86126
872006 923401
514546 451315
835343 993016
342301 982934
624449 485477
311124 407839
440099 725666
752057 666496
485850 872675
658916 272440
571735 350775
960359 330348
901683 856012
906768 675671
64085 149314
790416 673062
960370 894137
953425 793530
877147 628024
349969 674429
388176 855300
79925 85941
346254 760252
516309 106915
53127 230123
327509 16982
267010 574047
719459 496279
89677 372559
167802 885297
863739 402730
303955 582172
979475 182381
193441 370699
240975 754761
184219 197692
53484 299823
695016 911722
875513 682568
599335 886279
916813 321399
284154 568946
70807 734107
520126 505005
240032 765714
172756 600202
66005 56288
664731 525241
209340 519035
324858 576294
668672 985968
138461 734807
682883 272593
460252 499677
863250 512110
429535 570179
761594 27113
807996 53560
836585 321773
864359 362944
50382 84754
583087 805192
257329 752957
654343 371629
359048 74627
391056 914644
447803 868950
350810 588209
972269 465312
152905 659153
294909 41635
865379 957974
904056 706220
686788 873181
360943 885367
210263 832132
744525 609436
783008 225591
675644 118332
766273 184437
805422 834592
465339 107897
117616 944937
195838 366266
275736 371595
144418 791346
126223 850614
84228 949023
9875 729490
537848 425593
724341 279529
14198 508385
388248 134459
556889 398072
477855 526042
57602 41823
413734 415945
841031 550647
69538 312347
602108 79004
837413 417125
259446 758967
622962 947602
21944 444090
643043 704397
492287 419954
776365 667933
948700 59606
662181 70318
754939 464148
776861 742070
801505 143481
440450 825378
834850 612202
542198 193951
795494 644007
730344 156217
873179 728554
720225 541503
863271 781893
147126 891406
742531 290396
265515 779905
796190 124253
591694 860577
447164 186312
948098 947976
440528 702270
17994 658742
703566 286524
510987 7951
968275 302454
2390 34788
746938 485443
901245 441752
83010 210818
358550 311671
453116 207293
113532 920957
518464 369967
733809 215538
65611 686839
705623 643027
340648 121006
721561 241958
173938 689815
972143 442964
374019 445329
529162 219731
102064 721399
95744 587397
537962 895783
651920 46141
534767 186173
334245 237217
1963 212350
321157 662320
34891 409242
447727 925233
846114 954402
717941 213314
85933 905761
121374 36905
348238 349773
73992 994702
432078 794898
97804 205085
109665 960262
817368 226061
781755 794296
96962 733776
978819 693900
862957 911348
390985 802384
372074 651294
135064 156174
996392 47183
649227 678437
927003 759786
754833 325603
54929 222305
553130 464070
3278 95962
397899 63462
269938 214896
872543 954878
434384 546929
623696 23109
703034 539242
888330 227246
860378 975440
375935 111294
181531 19137
812984 452862
597658 100413
358318 771984
518770 372688
392722 92293
166728 551474
964986 12661
90993 481646
733702 348983
95052 970332
326394 273707
34859 488117
95186 586356
632605 767194
684638 953405
428269 112475
248923 263216
444476 156994
621819 644252
822119 618545
16720 826449
177898 398074
630860 910698
401664 665579
767119 915059
40327 735061
140251 744072
873629 881285
977283 175865
170715 408032
382531 667391
898763 366152
447657 968706
637856 231652
430866 830902
519480 496523
394641 247832
357715 670836
318924 338621
568322 332359
440479 946144
85898 43578
406317 476787
485376 655368
469754 260288
911924 466947
55162 477101
321411 164118
428322 337098
358727 428845
242953 940726
958383 635034
403223 995713
273824 415979
952689 73488
740084 921594
741033 284713
187827 857604
53307 438363
773100 508813
537344 869897
711507 754925
911793 18234
131870 966060
561483 475894
844361 757688
162893 107
81531 48480
568280 863566
775650 122292
903188 841335
218351 385775
992643 115195
873117 939897
73348 859109
119945 666816
222904 320771
75126 258327
945716 796375
696115 979550
5320 111178
828708 238190
443941 560477
935996 497872
44830 867939
48996 281466
487179 605282
158376 20633
536112 854137
314818 149937
673490 233166
189399 962653
184164 957500
660694 451174
395339 430189
115517 273604
255098 214104
877264 511388
914707 715920
389427 417868
335515 789994
190168 577334
16123 888815
102866 986898
772794 638028
551663 493517
603013 478691
182524 735410
218788 618554
549765 486336
6056 179774
113962 833645
305917 475053
116477 453392
831848 530939
553304 910210
247293 689697
799638 204020
895951 634209
847610 23463
71481 908780
352232 426239
156507 758203
52223 44134
277708 324294
788461 765639
592902 260168
506996 57867
928746 125439
857673 293337
658539 378379
413213 303569
586414 892662
95228 812987
277598 96117
139144 851954
38579 596862
223652 910921
352735 459078
174535 698370
466745 687652
697924 388861
403988 440010
753004 195011
559730 607172
615523 735236
268732 687501
166163 779796
91680 949660
44836 588996
758339 270307
704442 772712
651563 402093
64823 728903
789280 834209
976958 605126
536507 547460
454306 981650
784712 425361
86419 223551
302790 589781
21034 583749
77184 602219
764921 566580
105987 68770
18684 954973
633885 357566
112642 952175
755706 672092
964181 545265
672968 802815
23810 932225
360566 324440
438283 402339
642759 528682
732963 672272
545494 835188
129080 373844
595280 49487
169392 196509
486138 520201
461103 405777
201276 762747
968806 901665
424098 378382
641986 227949
526078 411409
58620 588079
901922 599845
854109 827670
213878 122962
706917 882273
688218 410143
620452 504381
912626 717847
805017 332547
250953 513765
81851 970877
612545 128984
939699 647592
680945 690149
37147 920789
68329 454924
503540 517856
167746 416760
118193 717424
628437 381008
690426 210359
486578 746311
398452 375589
604434 446130
728213 659900
467646 48998
66952 805938
779171 907058
111615 93048
88142 645661
538576 370442
774649 757993
915806 316062
652401 804060
517208 157959
778769 799891
494833 673853
507153 48019
80009 30453
564677 522316
998841 344310
876493 237952
809080 413308
827307 959918
180224 70823
695140 421341
361069 7234
608730 616384
901214 655529
768748 23019
635741 84649
987290 10546
604041 536801
196484 547657
881331 800010
265033 392548
759700 556732
753774 600631
657464 991414
603794 702359
972453 587817
852079 698499
565728 279902
432355 898595
984636 32802
767734 36584
53462 883238
975401 372527
299916 337600
63357 108736
398087 452551
939606 280305
523059 564438
513006 833090
187327 413066
732955 275861
800398 760862
386216 627713
224905 744252
590515 307604
937568 329942
646256 701293
811828 870090
633175 853923
869710 858013
474364 676602
780119 346726
195435 215725
164219 888515
544443 548187
488860 332662
724163 258579
147269 943951
641626 890875
231681 405718
172302 302770
62701 692724
543312 181865
150325 151354
89818 696428
395522 533605
562745 76806
800688 88554
548774 975093
122104 27772
792873 488994
975722 922306
630207 410487
185364 546868
882187 360892
253877 815825
447587 181901
935533 225256
124432 88429
12232 361030
584918 365563
625787 805582
750518 661131
320247 192349
387160 430481
306881 249052
573681 714861
213073 736824
756421 953688
626075 45235
557846 859032
332595 422566
979475 823467
103005 988
454386 836423
819919 777944
640473 286062
428801 914028
383884 301276
644752 245537
857264 809540
214621 943957
127208 260138
265141 207698
920603 887870
401926 681953
934164 509944
625290 674676
912545 588977
239174 890139
858180 729142
19681 321625
33696 862410
328270 632562
981912 230193
278495 77398
178517 365456
748980 51970
411379 765556
62314 265893
763719 840924
680641 360057
585148 194320
793372 379821
936869 885509
257912 703529
270324 262946
896097 927097
70612 284535
620899 444387
598511 231084
571478 431692
882519 957056
249917 49990
632621 582256
287774 593598
611380 954715
711244 226974
249360 599222
534348 816683
427815 888395
882640 152806
572396 155122
155925 798565
660421 618660
576001 659757
797678 674051
761312 643214
478236 39078
229442 8267
15054 848486
283646 4874
386105 306014
2190 450189
549304 366058
758477 100967
261625 924068
173091 127098
418869 594401
781522 42020
690658 683312
217151 974846
742031 900404
909648 818239
42969 562586
314399 212752
307972 38943
476697 455204
70363 362581
331526 684317
74102 836221
909980 305294
806783 13055
509107 786053
51234 214134
653804 176741
203122 210481
185857 972016
894623 454629
233140 18876
239107 285549
896271 853844
531600 486779
823551 179953
220400 974407
89090 729580
325447 894378
932758 833019
591157 73141
531462 969299
600395 288126
444730 25704
870593 791946
187275 61507
834033 664003
328942 951339
256666 993578
988027 281551
461132 378258
775444 461728
30842 400112
450728 881692
26836 409424
380658 545942
144928 282672
539724 422300
377355 649118
279320 484905
274328 110744
517947 364517
682743 65873
794730 658110
181604 130813
787992 327049
349053 720074
262505 526655
450083 868498
884556 473148
296088 773080
172264 145931
519293 104028
847141 338627
652169 829936
667205 671582
482340 957808
175571 37698
648793 182590
743262 714014
289919 340969
450753 190658
385739 779323
197573 69552
846456 175260
489245 105919
181138 36159
490217 310454
980956 467249
592561 718628
421193 927290
203706 951341
428453 533749
50807 539058
180721 144095
711464 426206
767527 418538
565097 396213
398343 496128
999543 908014
725177 814853
664340 75561
59117 142481
325071 82011
382399 613809
509385 44510
662603 688227
540446 344199
592146 535808
701111 335261
235781 658168
464050 538053
355924 170152
838971 311850
287956 368927
636241 265400
996080 147514
612610 486716
398715 760448
163675 11474
707931 100560
151549 771822
580206 319248
125496 809521
479174 529951
206597 550346
161443 828326
191674 936933
423627 686092
491490 737192
705055 312413
686833 182733
292127 101439
174428 560034
385816 212271
322095 555338
295519 463819
76538 137347
335519 518072
213041 909873
402968 108127
607939 55840
690175 319384
603611 865932
963398 521961
851959 56945
463229 988128
923769 559498
838702 910123
494185 630490
912422 860
423055 226869
234407 43620
485429 783404
768140 228068
642596 353774
66820 330684
426294 502287
547504 370669
414967 139452
15245 290515
665936 460902
191186 107720
914247 323350
373685 384848
18734 337114
428860 434361
517920 1172
438504 468122
819974 698545
604399 615327
887734 917361
446849 953937
765265 792174
173362 156887
728429 862725
15211 163641
608325 730345
723044 208851
141219 228735
618309 222329
327862 504126
159263 848360
353203 474147
895565 298167
816697 974676
654282 768410
874357 244951
475748 942893
494888 494274
56710 996651
810537 155230
569939 784502
503500 90863
726901 403761
143925 784401
798794 847522
296799 213471
180334 925733
281611 275371
592146 331996
518045 880562
496648 620731
68496 28520
27309 769135
17658 699383
183448 908669
762492 378020
157020 89829
752455 631571
71687 600494
177957 809834
718768 291584
90753 568774
863400 614163
317611 234870
614342 70132
740548 751759
152719 595617
333640 66083
701733 993857
116578 817475
97595 15574
585494 364953
251123 542375
466996 790735
432296 696770
894854 120585
882467 604986
491482 650685
179732 141298
837540 803805
924308 840401
500027 196941
247853 474006
57598 698976
911721 636064
385246 816257
75768 295426
140611 157832
375902 273527
810954 407806
633000 246525
541231 842511
168713 305787
55889 163641
369163 627584
424235 229066
312563 83124
893822 120632
161598 984817
48891 128053
769344 825916
739967 401126
914923 180863
503179 745444
581694 636064
48434 841856
229148 99101
177433 854926
555676 363066
606657 274035
471971 796740
356202 981767
26064 296458
940061 62353
666034 617962
702676 108782
273697 243241
513905 636546
833392 505905
211737 306516
848985 667083
799096 656429
827139 511089
415732 862642
396421 215503
554912 139780
224058 283893
241315 939650
572078 141898
873950 352168
552382 160026
936206 525253
299332 841196
633256 508815
985195 300424
911487 456570
917668 961076
462 370784
642681 230836
178043 596940
745228 325123
554911 631292
815396 41373
295040 823392
197823 209929
401103 582637
745909 452595
393808 343087
885472 355086
375460 930250
87632 932257
892287 998684
42081 453163
77264 777561
797332 55604
973176 645424
234701 766193
990773 743873
11770 342160
763200 386828
545893 945840
407898 897178
409105 873247
421409 441254
326010 96340
209441 684774
662160 96990
21183 678164
171815 612480
817811 326835
853318 361383
193620 410798
3653 349275
795234 201502
139788 880989
989261 861066
985468 235689
628867 594834
533148 39191
310579 822798
560283 531645
217878 814907
388551 155387
569459 441117
58321 545729
457400 76597
86637 105366
931862 698541
175774 780439
100429 752030
435178 473113
626161 152521
119301 152434
771114 551445
517638 233573
312115 704465
364636 147230
601509 950168
72324 318477
434228 696934
787284 510878
468745 709621
998441 801076
816224 433490
389082 355625
220717 653782
254371 850714
492657 294844
966486 362205
595769 957230
238632 54428
919153 985243
844756 98318
765464 76881
725471 180306
254554 84677
236786 341019
559448 116751
564700 966150
366251 5329
876155 690171
467530 853569
649356 56986
574217 654770
321015 690748
456471 870769
104938 786292
919805 593800
728797 143717
487631 249384
260452 98332
922097 243377
961245 278385
376499 46589
724149 542780
367609 742987
595137 983489
296251 356102
805823 937855
668429 391861
786103 350012
794877 89395
602710 994474
719343 214838
961284 365587
669053 742652
297480 921486
986300 86228
1141 718518
417800 321591
604512 790811
766534 17937
911539 318897
285126 284811
844585 231372
174953 672159
984305 324904
93214 835998
828309 841979
431893 894342
97792 174345
166358 146318
585081 565885
454097 78698
118517 364602
650732 120564
987014 153491
583794 476408
330806 498618
446214 134078
486280 754752
530001 135749
443413 420190
783850 762221
509458 629092
241683 23748
416 98741
206212 900106
533940 938205
484165 20541
958266 291938
337741 827579
509167 595886
348201 900495
781680 913922
368353 712867
79359 189073
785342 118221
658126 467559
615906 768077
14664 55609
533800 203005
334013 861078
881817 770668
364026 706704
475692 831718
635200 422595
568968 947281
105842 915937
549633 198183
950330 950432
692174 279763
491348 961633
831848 126048
827515 192839
978890 137960
850936 705740
294497 482554
363234 237601
231428 769824
364997 419906
51686 842216
246891 910195
1895 586611
188621 528194
611611 22273
165276 428582
417133 369425
363396 725956
767563 65858
768253 243376
683371 493077
149774 255651
281019 484202
550329 204029
398907 14218
769888 472942
436817 85790
812310 934872
308040 2931
63428 220181
883385 518217
333086 579239
540582 810431
228106 939463
910309 727623
503643 875559
698680 60266
641445 903675
460969 900914
453739 866252
376308 26368
742083 421542
729781 97590
136227 408381
826668 718556
86448 381441
151566 700852
424853 54467
528867 434543
990640 38796
954821 21750
28413 802508
347640 757241
617536 523172
221193 875503
427468 676182
828492 977132
975562 143691
570205 715715
99411 89359
925540 701696
58316 205220
171285 960054
13467 473465
120463 977370
273116 712796
774412 470076
749301 701920
458336 594230
381788 38050
846213 758229
621234 432762
499774 369574
408432 348932
700075 386656
874599 608748
568696 113795
356600 362818
716878 195282
361645 3647
961132 670437
122274 773137
367171 450774
101419 884067
972900 892023
689221 520939
766176 743306
781403 568124
702599 664241
549743 935334
919703 474656
568250 905374
591261 123288
306554 650589
652112 79041
560768 476883
571119 24667
580433 122625
446692 697161
840394 619948
513348 816425
673524 514020
74345 884308
352704 218915
388255 345840
919580 694111
938219 74973
788081 571678
181290 285758
290162 109604
519937 949246
220477 540900
144376 305265
619725 321139
177334 550415
510300 629606
404432 729120
762740 72518
814112 988495
380729 582767
299610 931330
102438 861896
618595 831048
636384 609608
68641 990493
93455 117963
151766 830492
209068 345834
679818 198004
939610 249238
554013 466198
587361 230593
653529 854937
83227 30840
535552 890029
715203 59934
705887 419412
913878 20679
117207 255583
629125 96662
920880 473465
992113 955770
796290 84231
944651 265939
944612 166925
127674 369427
926522 275182
799440 646595
387564 765520
851897 991380
621499 602109
14051 680077
219462 681431
180467 845393
417918 55517
40820 262097
446214 896702
75352 342757
267828 187854
737110 156457
769493 3439
683706 85065
168388 697487
121309 976210
246956 179412
256744 535970
883162 848006
48232 314210
194704 293678
632997 199159
760702 960922
175198 473279
703461 994068
308081 448574
614200 142683
680826 645638
176115 66837
407060 696948
990253 611019
945702 321892
236609 578536
325648 159999
925264 471003
807364 171800
208837 311109
412981 76189
464788 557791
61641 632204
119048 783456
831357 875727
804139 10866
598190 961918
836433 716202
647294 457532
897796 573720
930144 579035
533919 141091
283456 429174
780717 223250
906125 83026
124837 482455
692438 892342
646351 624740
77411 482167
711039 845382
1103 115171
934226 81178
533900 796257
364116 433734
918093 222820
294176 99721
19568 385229
753819 490846
897358 858953
314829 433512
791438 66189
236361 406753
906957 623341
330717 473615
995647 324590
20196 667984
665120 974572
455367 163729
300032 699630
937986 139477
374472 201909
227009 189401
144707 729660
170862 762849
310530 16622
899039 53836
250433 680284
994706 131274
102038 290642
459110 794006
