2000
420722 584106
569118 574416
313385 858557
526541 771047
254233 978835
212696 141100
297896 715755
354710 777355
538761 291420
417396 234407
525950 456238
343442 824365
604104 66611
294234 551628
422144 881860
247930 173216
997403 582637
408604 837599
726028 560928
621294 870847
120526 930789
346365 170313
563314 686664
524345 724443
175696 610638
739367 410040
902425 660172
173363 98093
943916 303036
720529 414754
774963 896481
416441 209166
667847 413677
720976 844417
88850 923525
699419 87298
714083 441973
370378 377627
469364 446437
359222 125437
749352 223091
16515 946387
325969 683368
665400 200301
880998 615474
41208 158200
261796 944020
19934 668645
584153 261794
717173 419450
17816 118430
120888 156147
266347 638208
823956 399977
375201 471042
697229 947265
4854 724965
621002 386016
827069 893909
630160 957319
332916 280813
62048 757103
374726 562903
890558 722113
948031 884318
327411 292321
503751 762103
742620 575797
868835 617131
849361 262202
251698 494065
90580 204247
876661 507393
10679 294846
291862 377463
678371 59100
43696 625892
607600 818295
126558 248652
91347 696689
771700 33241
985760 475905
808488 829959
154717 966466
43606 613262
481360 287469
90279 805075
375069 115105
524856 195933
429675 486046
539919 650690
529386 295331
742179 272658
539157 898930
953808 613582
370229 672617
814563 37285
871752 460933
349295 293610
686230 308254
114509 448235
18711 949119
925054 395657
633834 263884
797214 500212
316022 310354
640321 347313
339217 920455
351162 918461
104762 16530
482967 644154
258572 333635
195664 44117
109020 727017
71587 980754
680460 558116
879205 766172
977691 163903
968220 453091
55674 264777
617046 973717
916308 512795
966006 376834
548098 647599
747314 151522
121247 850428
660047 555991
314251 571261
181926 422721
420967 70065
809922 157732
539785 145745
81981 554232
127641 526636
358750 701695
187883 430854
796831 183751
607365 155807
486405 55917
747582 771406
571873 801545
488300 134621
743413 746539
9256 342968
652174 825933
743468 246115
137271 334726
40026 848358
187338 448294
108557 986252
24363 91812
83616 946707
777624 791542
424982 108775
798355 712420
67168 919775
592131 325488
534565 742032
659888 345393
761824 284285
736931 413126
294603 431570
202573 793630
414339 544386
954361 323818
130703 463264
156771 336473
843796 44985
794252 42505
299659 603968
395295 262087
580459 934508
113696 728499
695774 960171
224146 862280
613107 574786
134005 733052
601422 999841
56574 338560
706635 346076
311874 671845
256257 908636
800217 795696
53542 686851
966281 166666
499381 358885
674744 257891
230854 380859
943528 519993
24909 458210
721384 432689
48370 557999
599849 766842
983738 114390
965940 769038
894541 610991
34373 260165
762989 304054
53280 208453
613133 246339
814776 189238
779433 765007
184054 912043
776765 185994
403775 204899
34393 445460
353278 161169
462717 615213
116708 631160
994955 638191
215661 575816
281881 332430
718742 579632
89972 103612
383975 772292
463502 698610
704831 651354
739239 642952
604458 590649
256372 906359
896367 810056
370321 521252
47211 62272
771355 793196
235544 441520
319923 859586
899727 359367
660698 408738
561746 575645
865320 616891
558124 70611
706264 812130
713888 740959
886237 64039
973381 281023
471905 123941
518413 945767
818708 716233
128797 99163
664382 685815
94744 835748
629831 534554
200091 471030
742802 291531
438313 164776
515963 833462
681016 347592
618268 844739
425839 333855
906784 738263
645051 531663
993461 471458
228361 902507
143784 225057
357672 819877
6109 69567
614606 657607
894124 745384
653908 376806
360849 512831
780590 36560
959446 188778
852341 630791
60691 243636
150897 444902
644090 468664
489374 364877
182347 786430
62953 282795
258309 330491
826574 91240
878919 793012
367614 300582
649457 75751
909066 243818
938955 591097
757782 240440
877767 771484
934414 201383
782652 849265
71263 589378
283185 172114
829103 662068
733959 894178
904954 668212
225920 18924
223704 430436
771644 420115
624484 211813
725676 602208
467983 249421
732837 816169
256779 57867
73239 472127
933671 912060
119366 103110
812565 554496
242921 966504
615283 521675
240190 519713
301663 821579
595519 787279
958366 434245
412490 127493
75997 56189
928829 202072
919699 112974
339485 413119
163552 659556
406390 573277
495451 852596
584825 759399
941080 81071
274996 824341
340976 89767
271371 828543
834208 924297
567679 141340
649889 805924
746476 355568
730617 40595
181218 677725
160238 350261
976374 585004
445339 47902
815889 281049
12060 863054
859012 600702
886740 955349
270019 292745
193271 363302
477737 96377
537618 348835
493091 285474
479830 479749
557421 713630
487879 898323
618471 197317
101264 750575
30192 934528
533614 784548
920505 698035
844115 394661
669643 657452
791919 10993
270600 779861
943572 466032
210437 7743
871681 466379
203039 503769
907460 343215
234447 638797
887571 33627
143648 551879
367002 576456
375116 764609
507826 3112
703098 737642
155170 218332
68446 431362
785993 541219
191475 907672
76170 897068
162062 83506
742582 989635
671904 732574
248527 56892
183024 308893
534686 326449
938386 728836
479457 986080
960604 757856
579934 207066
776644 479833
859619 480855
601963 622749
185697 621095
746659 431215
655092 252105
526709 737298
75315 350790
511702 824443
617308 471933
380542 309223
700166 97284
431061 301934
31902 178318
168732 534942
379710 352778
732280 468279
183887 608728
876895 861765
121245 839993
83630 224212
429240 917299
179581 460848
436892 614628
798655 3490
731932 145242
576414 553262
597417 732217
221998 137567
350653 760433
441049 591900
540833 717704
69396 448916
340899 559657
19964 943540
88250 944196
624552 831101
675796 235801
376112 638224
210314 426803
731786 12148
82992 452301
636711 957239
834614 468110
465698 917511
145126 838448
674973 116308
87759 53741
207748 49901
817829 921703
532320 67219
925405 889664
614518 85473
281926 646948
470625 488977
819340 497269
623556 449333
965438 797643
533330 368643
542780 837940
210102 978072
646168 330163
889719 182390
123372 525732
81603 902989
777129 360096
38467 578917
717965 804955
876829 294919
564754 298109
154523 640195
504028 118862
722521 800016
873745 422995
477689 248618
679650 276303
192889 965626
732678 831
661745 825023
317420 935130
815918 706301
70850 911695
429733 718577
126998 364305
275311 492280
329618 629191
714008 827458
147057 221046
368030 656202
760370 313066
698958 608280
9318 385067
594801 808581
546507 721488
829748 492646
695730 728820
984552 728508
368226 627107
902257 870729
644417 70855
383650 253305
666611 429795
807336 224706
650838 458804
976947 629311
657483 698996
366817 698930
257663 359185
250001 505732
95635 449941
969176 379081
230203 293091
950500 254417
896555 60470
389520 819160
273802 950048
861768 580715
985403 869032
261597 903009
365395 836702
362407 453974
161986 659462
158750 956173
943551 72663
813461 231030
345633 434414
136279 134251
729594 32768
788172 471965
295354 106879
889401 505492
136995 153172
39230 354673
788341 997999
389033 918242
67037 368089
884605 783222
283810 319439
971863 697954
385830 324683
385383 254755
299406 139844
381689 453816
531066 735506
287691 300619
83800 687477
185762 791661
506479 971061
205676 849659
681831 224902
322883 527669
987808 269470
933615 175095
157491 146615
279243 76486
386099 745885
92649 181097
565217 396840
533532 47706
492535 721228
541230 661179
241441 782205
464572 726306
763539 757958
108290 817753
126005 262842
872759 35436
395714 190024
244238 770648
117031 845466
630839 784096
87253 864802
127307 2137
912991 273295
750070 487566
785790 276728
611376 686997
402205 310197
324552 815064
782206 265523
156298 638327
422666 50260
399553 766959
225738 976289
542883 163366
634040 348989
798881 12967
507822 834456
742082 468244
318901 168654
341877 433101
990396 875432
781527 376586
161677 357841
682363 794769
238975 887012
832497 34132
441512 144026
209883 672236
261633 471992
26481 959989
619155 408079
67825 168798
252082 319105
702921 274871
998235 630842
363541 737337
988373 682304
888320 187654
997662 254493
72316 411559
348313 311599
811816 853809
584647 85198
970057 58047
368497 853042
173427 532735
586748 278583
168833 838358
895950 41147
698570 565756
926549 395841
474904 930775
159671 843922
236090 72527
304029 995848
840615 702890
523942 88861
286911 420789
489370 237431
639578 949072
276124 997677
386558 462936
182906 5989
358786 510956
548660 488187
207185 252540
349091 149931
571829 584467
378404 63700
593362 454992
37838 514965
734136 283455
465909 603420
781 948611
969245 598040
424179 577911
413147 391771
968154 176081
576698 807785
143818 553812
90218 280248
319965 650778
778514 514580
686495 51982
309890 962272
771370 648537
479744 300951
383732 135005
173430 959735
486430 522639
693452 81725
248386 504013
291955 69291
926979 268258
214727 53468
147395 941333
584644 697151
21826 932362
980872 754000
657234 90293
508449 723029
284613 216002
607687 865301
182069 400090
383521 277058
13551 148190
104422 776945
247612 861505
944389 87914
117350 24010
438949 342215
622918 238304
368993 866045
429101 894355
449888 705347
67888 859555
816002 522817
593437 770634
583860 555889
56001 679688
935409 894542
742238 365066
73749 674957
779789 235937
908225 39800
210234 625593
467793 178203
110854 336971
318148 109090
484274 544221
869514 431588
956705 801809
561434 247780
428652 718551
854958 218625
633465 334753
560723 986503
583743 928495
796387 371505
456521 669922
264437 97523
996381 553640
240542 743587
740406 448047
785414 951302
607744 1472
64764 97017
794757 898569
60756 994378
698176 442609
365712 206761
304917 291667
599465 87846
268246 56470
423127 241165
693780 297693
225239 95153
521487 679236
625014 269143
675710 845608
718869 288555
806617 215712
940832 565431
233903 807336
918028 855540
475717 427676
385700 237854
679291 851592
141769 29639
119675 743507
931354 584352
282120 108558
772909 144498
553385 547390
488510 502553
206562 865908
453520 215732
740536 1093
910492 220964
124272 377005
627085 491991
571479 827314
449442 598386
934499 3737
95431 784846
37540 640798
734088 246975
476433 339266
849396 286504
881273 351926
132048 774358
983680 660091
679222 15039
244536 887177
309777 511569
301279 42184
974024 988723
184904 971867
909773 196045
562450 742528
679229 724219
185812 2778
527303 212755
105235 995276
596706 677806
946968 101769
587883 161558
898494 200817
84387 804474
808937 286199
301938 715166
642178 596416
740489 496631
139443 317952
604503 959650
8612 888678
842020 782346
888824 200090
875528 668200
199475 937
148069 812443
308195 478641
280302 248880
107468 42788
175473 346450
516260 476745
769693 428440
892138 844313
207725 159298
199362 339361
136352 86748
706098 914174
107618 33847
234211 298967
35732 40226
640883 478570
469894 278716
433901 886167
549700 987690
700956 337185
772255 516574
935178 903828
695741 278301
759860 632589
961418 824941
968568 859365
266170 638856
4286 271163
345457 179739
882871 207011
519489 506447
329851 656455
754490 551220
331614 190381
539945 152567
516587 600006
678872 932587
471502 295373
531577 355991
782713 760004
497322 43512
871486 324428
919439 984360
491970 724745
967030 443947
585967 885384
893420 478115
372836 905730
863589 318018
506813 651642
949013 895533
597176 734317
30666 243456
676196 95112
54570 873857
461414 266210
127654 848955
715946 519324
306049 589079
215040 189675
48114 379978
908959 127398
317924 555715
789302 406192
322629 842974
754350 547959
142915 897942
793179 806402
816786 578620
10414 711880
213337 544772
164232 599514
688283 826620
338116 223662
653367 654473
288697 570971
876772 87746
662659 403524
324183 457220
238192 941005
365838 863252
281886 989712
132897 620017
9667 75826
78594 657402
567588 85319
461385 184222
300721 163529
546693 965829
829460 309818
52578 103517
404196 108423
427141 340557
541327 272792
329452 418997
263929 320315
532082 521956
665373 425792
915925 148054
597836 779398
283830 58563
252525 67991
79047 35039
264993 742749
410730 797608
845729 782269
918311 414226
730125 725015
258997 122247
467792 860609
390630 569379
561948 933768
311506 835938
136554 341139
678455 139272
391052 169047
376579 150028
917553 123891
983690 314797
648513 307020
438130 317564
497980 258341
561544 800840
708207 879252
343101 74482
145610 902980
696114 774882
763766 931943
342950 198757
702503 645687
363474 364326
885418 303596
3002 178753
955688 843374
528209 485859
222431 694921
146826 193925
325634 390355
375793 242660
243640 421385
312333 354207
318246 857129
295925 459082
241570 536678
662151 418798
597195 254722
100832 347475
64884 94451
412861 20760
850836 774482
787797 748090
189444 676051
626040 760734
851557 729185
136583 860545
789970 953559
638599 401255
235293 578537
570133 894155
432350 980317
500722 792538
565101 360634
851 604406
370877 105190
536815 91322
185027 70680
835005 254209
205188 892218
548155 296203
219173 529219
914194 141065
828484 193849
235522 116112
825719 64376
935541 465063
181558 573848
135914 712984
476825 896087
811215 977709
316468 605060
739508 915310
602676 454998
503076 547820
669163 177544
481364 86214
411617 994726
99695 508305
242151 844211
986918 947842
78150 763358
290672 406402
606293 403961
291160 313251
776763 688589
937143 570019
245073 376382
748429 857683
231882 580
137561 724077
785186 757463
3107 772988
552907 467636
44256 743334
84076 462345
701047 392157
128175 951986
699019 511908
978025 159004
587399 645307
262798 806471
324845 774805
733676 775860
258556 514154
62750 227637
836220 813021
891380 826640
114285 488902
791159 56714
811744 751322
240503 837450
990650 399657
552693 677205
810590 316610
124848 583847
545180 893869
698024 596270
708249 904820
140597 549795
712785 261995
782753 16807
677201 885565
559693 5781
454258 275466
263821 208152
544595 176316
488335 369901
578768 194218
371285 765477
521726 251653
853261 63653
637554 125459
754499 911517
719026 918203
797774 903213
758135 471008
569117 838925
435500 382139
964943 177363
816619 287452
644950 717561
942972 363677
447190 954817
530332 1535
254617 398240
373202 271766
889483 836557
893737 72612
789041 32940
359879 742243
347592 322888
877737 874649
338246 801193
287705 163990
23400 200261
465757 282187
774513 683370
357205 170164
925996 869547
909553 187831
439877 753792
186613 455389
840303 335246
553560 453243
951038 780060
341129 694796
724236 654277
698606 601305
952166 9759
5021 787137
800899 3285
754193 893995
869719 901633
993504 121684
164101 165057
363074 308709
853243 215567
439035 77461
673451 157452
272703 325172
122301 314202
780568 503356
279572 932367
475187 365738
882017 748707
134570 498984
690483 557623
540705 193796
818389 202240
732968 418689
466934 61226
128915 568170
939378 646831
875972 654858
217510 165342
378705 975799
188946 132913
766605 421786
553568 466415
248692 320670
828560 975443
668983 457593
859573 228189
909227 33868
54350 226535
63856 289239
736177 846042
971195 187785
697965 231770
862585 464492
181357 213829
677756 846943
145305 755782
284682 944708
189240 678605
182213 68538
799722 632497
704263 673601
466680 3880
688538 677755
514864 146345
627161 189711
394484 778712
540639 186021
427261 382996
973196 34062
193131 7771
312274 994830
529871 601665
6986 619536
492130 196609
571613 333398
145179 275728
585936 174807
147635 106734
272722 215341
180084 824404
875445 353174
204724 496676
660856 67723
674695 215453
319080 105464
358735 588092
169258 585243
693271 557322
445425 456185
134314 700050
32207 792983
47956 518929
43482 893409
271360 480001
242415 263072
694551 916197
344967 185410
483758 426523
40417 923759
894488 86729
114534 570857
839872 946799
339428 923827
398274 737459
967899 434418
502950 20878
361216 570929
973070 794851
813041 775898
465167 655117
286836 449342
570708 413196
41091 8605
210742 698818
910691 440810
312309 703778
981230 881387
951609 270912
127141 521546
251826 936169
177847 608859
193343 997643
576005 889141
573201 932622
248413 615603
909589 497579
926592 185027
474461 127517
436975 652679
529970 66833
89483 321326
496960 296046
490849 428561
279472 315293
111090 695300
469122 269790
157071 311665
146552 583688
628107 380328
551390 51577
420325 107907
902739 331739
537272 219185
92754 617973
585534 394289
148239 329188
970440 613635
139093 355004
445992 398285
316073 404391
755787 203702
469703 511162
71852 952841
931526 709230
293020 560690
980775 271493
203989 628098
194205 944490
173813 479900
83194 57534
844696 743474
126753 756390
938244 452205
536957 440085
399379 597551
117270 562882
73824 418001
805587 615290
642337 918228
671770 397368
735790 962758
581350 739232
854939 231898
588475 967869
695659 700296
605692 542198
715932 577969
567552 21287
709585 708070
289183 551029
911324 753789
477855 275228
838914 528171
921433 936421
975209 65131
116539 633977
252376 428396
453769 471789
573145 378633
317889 140561
692688 329694
936140 341265
296068 125166
694479 133425
99913 49402
694587 566636
45492 786867
126776 374126
849719 284150
246736 636517
259647 315619
356572 491525
686792 61957
770162 515747
555417 877062
685128 948308
711934 229938
662126 589018
842378 291732
828670 877308
715977 912246
359019 249924
602941 553748
441888 557882
744455 772242
120046 785140
826554 847470
684347 6783
24039 343591
922001 923134
36080 553873
475231 143232
285078 656866
960668 917809
950961 840893
758583 254570
74140 881413
509230 319688
594443 565811
184240 36676
866275 726664
45231 650744
71077 382772
98878 312455
658803 902717
624984 43695
815935 144816
637143 642053
256728 26943
457990 532555
848398 917357
4552 430050
644476 981524
513782 88475
451080 178821
751883 807738
679444 876265
779759 683371
738402 74192
955031 522697
839951 451646
480956 633561
779508 908511
734801 303222
913476 969050
171325 226636
296688 419911
477879 681772
320649 378212
110982 166961
473135 755554
453224 59437
236282 826383
755022 688751
72832 488886
257383 872559
790801 379359
496864 280331
900565 462903
667736 82959
413743 161430
32745 839198
611469 721664
34449 854835
815576 989480
843846 734725
17250 301086
299897 204266
194898 975876
328679 693816
330151 190077
98604 611326
5165 505448
60733 644556
235924 344371
161224 70191
18393 453785
495031 653873
293514 237947
422883 819205
482866 507218
202103 877449
921874 70731
819174 40738
887703 969295
369043 3610
153259 416282
742375 149760
219192 494207
874688 17631
407537 789500
525956 900406
622141 774539
719569 238888
773518 341873
127221 431418
64044 328873
971218 490506
670992 650638
385905 544190
940699 184222
671492 949615
311097 358200
850834 961257
558973 428881
344990 696093
72858 239504
187245 48404
85736 323243
846274 228598
770158 127549
604132 500184
861556 899277
288459 248961
796129 11046
573986 786490
943559 753764
706909 829477
300851 533252
356556 736909
363940 46071
929123 672329
883493 67311
483761 499962
868923 548153
845557 546409
761437 520948
414661 255903
837552 962629
905986 143984
16642 32191
27367 484651
670478 624192
202161 538138
313434 757782
479062 294466
186041 130296
939890 141678
432129 27295
235802 302397
464195 408952
452306 569123
69309 238437
750505 824082
138454 224637
160973 85655
618288 2873
350579 678353
351812 147756
52606 390379
62255 216912
385862 741209
464698 568715
306563 325959
687747 927676
583088 494046
131314 424629
681915 732676
57585 92954
854816 202660
545305 924813
152765 72194
570080 591680
518803 36369
496496 710637
66624 634767
975265 132047
998026 390731
377543 565994
793044 113384
419111 25564
592097 912641
432625 6525
428335 79290
943125 147856
837544 243241
349896 818925
627063 425580
879416 790860
307464 291900
765244 896067
42193 159005
250283 526052
440286 933621
366943 519343
173075 14893
106544 644669
132920 382595
69143 576520
644156 246027
720300 218405
385303 136232
156679 71606
67141 593585
685496 332862
241360 306811
394529 682601
675483 886694
273610 586066
635675 362051
842295 53698
862461 936889
841984 515663
525662 781202
517427 970388
602725 394753
698749 220928
865773 899887
110456 559121
492092 18214
591015 79524
563317 264780
671344 177547
801492 365494
901916 123990
544692 148281
558110 717067
508343 270379
717315 339199
456359 483725
967229 626303
742292 583506
154404 869618
326632 373256
49853 82284
462114 570551
732142 883920
722383 493350
958749 385549
466705 46702
107415 634615
548997 177056
167881 836030
35487 796522
200993 71585
662436 687410
59932 58503
592188 79271
593810 221002
889018 213045
86575 989539
790813 52005
86777 424861
881546 414883
772189 512329
333788 756223
486315 451420
479644 931917
453722 31390
649614 908582
2937 433114
887694 114394
927761 116108
281034 112160
131712 566061
35525 394374
110439 710192
464550 261976
521092 514060
944987 126432
406607 303587
918314 856960
130556 500021
789834 435421
731796 893990
297756 650293
927711 139057
606828 593522
33784 527096
126982 570999
481936 170005
292728 715451
720194 697801
268813 131908
74349 375941
604863 108504
614327 919052
157518 602599
362825 149269
372217 443258
933523 320678
85645 70622
215988 353300
19475 21072
312684 227440
809985 140322
61541 359710
808239 806146
80118 283722
621620 425771
982003 400116
907623 562742
833719 841696
811087 182809
834852 660019
520703 392284
862568 10432
152133 394940
874289 864650
813794 200385
112323 975386
626103 378772
708260 458799
322297 140470
202392 940813
113957 506926
937084 866511
839854 878505
468658 322094
193975 959844
488988 731542
536826 602451
127612 620640
500644 512610
493009 485785
199580 60399
436079 750910
323835 238903
511215 70396
33884 552966
155270 457289
257246 671414
89865 143151
433655 728362
718744 857954
741253 396552
883068 645601
480619 232655
250901 83537
287657 280963
52720 174874
710904 753098
985967 440308
22483 528397
254924 207523
861381 759004
697011 520742
937839 547644
285803 856599
891550 292483
460322 208791
904993 175789
378546 508178
566039 490475
452578 582801
68219 145695
218758 379838
278287 129852
506546 305960
712555 812678
976576 771158
597744 378977
835610 212307
78550 62487
41767 535058
230924 111943
678269 445764
883180 11242
691925 88865
700911 595834
610799 690296
498492 577664
624092 105283
70409 96680
929596 741240
838185 258941
136595 875953
460221 966412
814295 910994
7219 473777
760550 224115
947996 70931
948575 536668
680653 649658
309452 757900
671404 998553
897627 162982
995324 826094
640470 202073
605343 348408
819589 810588
461597 921580
902488 523597
534595 539981
22818 108167
32297 969219
683650 575161
201321 7862
471692 966081
2081 564474
265108 20871
471046 349823
590706 899978
852866 488188
137851 379576
631320 981734
619932 74732
509596 969023
45965 123850
613962 119421
334519 632189
725476 331701
82352 906450
14822 455402
156678 890667
476969 840862
781874 151068
274262 727570
560720 559776
316201 395139
732114 440549
277035 487208
199997 201076
602085 351983
953349 363222
932032 765358
369173 783214
411340 171019
187067 736820
358 9391
256106 329637
716698 752171
276275 419492
554449 615741
934633 337617
112020 314559
21054 238697
971470 620107
202926 859232
962625 413100
249262 921313
290974 623040
181623 878139
364050 221996
354976 292078
99815 826676
51774 890368
703590 527783
226209 422528
846575 137483
434705 403022
936325 969308
308651 858872
633261 650223
694227 401718
911012 937999
533596 534808
83780 469975
876187 705718
211064 209020
975938 484027
846737 751856
91179 529170
12008 812372
402060 7262
654321 42237
893296 497479
399155 872724
317630 519940
629589 490557
611138 829809
437898 147754
731760 909128
711171 267475
646848 391822
43885 776982
616687 862162
647483 572921
474778 847221
361490 316567
961084 294465
1741 946736
443447 192284
926355 480272
390293 700297
4601 204916
512787 544542
361434 132757
558214 977741
893023 216105
743234 174861
735837 988619
903311 38012
581920 905808
694038 421647
1910 159026
905087 299229
129462 329905
885243 306544
118371 157586
677637 986047
477371 394418
131120 382884
565951 227989
593282 9121
374333 815043
862364 591361
966879 888264
642006 82149
223636 207857
520252 671769
430669 399912
401370 649256
835413 781676
727962 985327
66073 464928
816757 141829
709382 962905
222619 439044
822667 829702
473243 61375
525717 425339
466188 571702
455446 632009
678118 393842
979702 420180
444153 760495
941925 265778
466973 900810
960088 5698
407994 937980
123618 258046
596519 904309
341548 761261
220799 170955
692429 153509
693711 284512
338426 837086
524903 946001
897325 684264
993466 543376
449946 738924
166293 30877
507843 565856
516184 952320
516328 75966
182553 336593
638333 105442
111527 998323
300757 610632
189482 291905
10483 433876
526287 570382
313915 340497
186051 860163
111553 580727
541936 587024
305777 15455
638218 477823
491889 799756
271339 55639
963654 447342
199166 874623
137640 522044
904363 875674
875958 204561
576861 947323
453278 65018
548499 50263
747922 800884
869397 602081
893360 757765
323372 354673
188524 285440
154414 754958
694143 456566
536901 924968
127116 219998
240940 485678
473005 519287
596110 676591
63768 390021
270335 676725
687301 183212
287020 940103
909089 237548
287590 337998
74132 948188
195738 210108
127314 926832
995037 216653
228651 5364
336816 443419
260676 157750
647613 222449
420920 971595
505159 913840
683616 327359
452133 660818
599941 190503
474170 233429
612117 406571
892605 259018
288409 643446
925560 783957
976485 946770
119427 495198
732808 77130
915160 467257
755129 960309
912390 795809
240919 299279
754295 379496
762418 29145
755717 753750
112388 719823
417696 741898
685442 887519
247966 637777
947917 122222
976658 179283
372520 897382
410402 113142
408766 338070
100054 227775
990546 289434
454552 274055
690623 967829
366060 774363
688783 777927
222964 800528
74556 541521
983834 983515
833455 174047
826749 295276
922628 545428
537150 149841
710523 920489
969327 630782
396882 554342
530873 830842
833257 48993
67855 442319
997814 303622
846408 560059
636746 922892
562134 739590
742049 911288
693655 418501
393239 268412
735369 977857
428849 617619
284744 750986
640218 421223
961978 828813
981189 348192
248728 354102
277357 418924
544703 322130
289545 126030
756631 533754
759039 555433
206612 990524
335147 859496
432688 532821
485848 279893
863146 144348
624352 314803
390307 963235
581481 870545
515172 426126
126907 145494
150232 41826
730750 143116
976105 351126
978279 695941
773573 625561
649889 563625
674440 626956
179828 921942
273830 269368
62117 527117
957652 663358
410520 178664
259719 788497
759411 236675
164189 832778
849975 814693
804547 97423
445720 571178
227415 722937
605057 480676
738118 418586
577350 565603
728623 834585
930823 811999
913531 306799
342994 644287
125841 920730
941540 677183
514001 318943
258917 545423
350969 438098
918623 497163
133715 573610
594036 954132
89854 387208
639703 235325
191968 891638
985161 221848
838220 154380
376698 534168
221261 686032
154414 191325
260959 837146
340617 131677
707737 278546
598856 69428
473095 933967
386969 128963
456263 860234
486587 493997
607804 209789
738050 900477
902696 884589
764141 426385
440215 10928
326971 439045
402265 284400
656698 267914
895238 295898
123220 710232
285760 537268
325679 646309
983553 173245
460656 154003
394098 269750
437545 647292
81900 793079
956214 816365
877083 786392
793116 876872
502171 25944
81258 719683
273593 637453
968485 631446
978365 480803
827368 987552
278140 97910
126633 625707
41279 63354
194506 928615
142677 220359
773069 182438
247883 456522
421880 753414
362734 945757
249367 523615
885661 616931
980452 849375
153409 608429
185194 818883
81738 624285
350934 571209
233432 55612
962472 945255
212476 995023
522221 317530
604460 516801
484527 491065
