Amorim Algo's :
12501271.9439
[110, 59, 27, 60, 85, 153, 177, 77, 92, 174, 24, 143, 151, 99, 184, 155, 87, 191, 196, 18, 20, 179, 36, 79, 52, 12, 109, 7, 17, 30, 48, 55, 123, 159, 199, 133, 198, 61, 78, 93, 121, 70, 132, 176, 11, 71, 102, 68, 189, 144, 164, 86, 44, 108, 150, 19, 152, 136, 131, 178, 113, 40, 8, 41, 162, 165, 28, 81, 154, 21, 100, 137, 54, 63, 5, 116, 66, 168, 97, 171, 126, 130, 170, 43, 105, 23, 128, 3, 67, 169, 82, 35, 50, 94, 186, 167, 16, 187, 142, 13, 195, 37, 175, 90, 160, 39, 32, 145, 148, 124, 129, 138, 31, 140, 101, 6, 14, 104, 47, 15, 76, 0, 194, 96, 180, 46, 83, 147, 56, 64, 95, 88, 80, 112, 89, 125, 163, 122, 139, 172, 158, 22, 173, 2, 117, 1, 115, 149, 192, 65, 188, 51, 185, 33, 9, 75, 26, 72, 29, 69, 141, 84, 111, 190, 106, 183, 181, 38, 182, 49, 4, 193, 57, 135, 127, 98, 25, 120, 58, 10, 91, 107, 119, 62, 103, 197, 157, 134, 156, 146, 53, 42, 74, 73, 166, 161, 45, 114, 118, 34]

Iter #1 :
12458099.6149
[77, 177, 153, 85, 60, 27, 59, 110, 92, 174, 24, 143, 151, 99, 184, 155, 87, 191, 196, 18, 20, 179, 36, 79, 52, 12, 109, 7, 17, 30, 48, 55, 123, 159, 199, 133, 198, 61, 78, 93, 121, 70, 132, 176, 11, 71, 102, 68, 189, 144, 164, 86, 44, 108, 150, 19, 152, 136, 131, 178, 113, 40, 8, 41, 162, 165, 28, 81, 154, 21, 100, 137, 54, 63, 5, 116, 66, 168, 97, 171, 126, 130, 170, 43, 105, 23, 128, 3, 67, 169, 82, 35, 50, 94, 186, 167, 16, 187, 142, 13, 195, 37, 175, 90, 160, 39, 32, 145, 148, 124, 129, 138, 31, 140, 101, 6, 14, 104, 47, 15, 76, 0, 194, 96, 180, 46, 83, 147, 56, 64, 95, 88, 80, 112, 89, 125, 163, 122, 139, 172, 158, 22, 173, 2, 117, 1, 115, 149, 192, 65, 188, 51, 185, 33, 9, 75, 26, 72, 29, 69, 141, 84, 111, 190, 106, 183, 181, 38, 182, 49, 4, 193, 57, 135, 127, 98, 25, 120, 58, 10, 91, 107, 119, 62, 103, 197, 157, 134, 156, 146, 53, 42, 74, 73, 166, 161, 45, 114, 118, 34]

Iter #10 :
11983741.9647
[114, 45, 161, 157, 197, 103, 62, 119, 107, 91, 10, 58, 120, 25, 98, 127, 135, 57, 193, 4, 49, 182, 38, 181, 183, 106, 190, 111, 84, 141, 69, 29, 32, 15, 47, 104, 14, 6, 101, 140, 31, 138, 129, 124, 148, 145, 96, 194, 0, 76, 180, 46, 83, 147, 56, 64, 95, 88, 80, 112, 89, 125, 163, 122, 139, 172, 158, 22, 173, 2, 117, 1, 115, 149, 192, 65, 188, 51, 185, 33, 9, 75, 26, 72, 39, 160, 90, 175, 37, 195, 13, 142, 187, 16, 167, 186, 94, 50, 35, 82, 169, 67, 3, 128, 23, 105, 43, 170, 130, 126, 171, 97, 168, 66, 116, 5, 63, 54, 137, 100, 21, 87, 191, 155, 184, 99, 151, 143, 24, 174, 92, 110, 59, 27, 60, 85, 153, 177, 77, 196, 18, 20, 179, 36, 79, 52, 12, 109, 7, 17, 30, 48, 55, 123, 159, 199, 133, 198, 61, 78, 93, 121, 70, 132, 176, 11, 71, 102, 68, 189, 144, 164, 86, 44, 108, 150, 19, 152, 136, 131, 178, 113, 40, 8, 41, 162, 165, 28, 81, 154, 134, 156, 146, 53, 42, 74, 73, 166, 118, 34]

Final 2opt :
11364254.8011
[114, 45, 161, 157, 197, 103, 62, 119, 107, 91, 10, 58, 120, 25, 98, 127, 135, 57, 193, 4, 49, 182, 38, 181, 183, 106, 190, 111, 84, 141, 69, 29, 32, 15, 47, 104, 14, 6, 101, 140, 31, 138, 129, 124, 148, 145, 64, 56, 147, 83, 46, 180, 76, 0, 194, 96, 95, 88, 80, 112, 89, 125, 163, 122, 139, 172, 158, 22, 173, 2, 117, 1, 115, 149, 192, 65, 188, 51, 185, 75, 26, 72, 9, 33, 178, 131, 136, 152, 19, 150, 108, 44, 86, 164, 144, 189, 198, 61, 78, 93, 121, 70, 132, 176, 11, 71, 102, 68, 159, 199, 133, 123, 55, 48, 30, 17, 7, 109, 12, 52, 79, 36, 179, 20, 18, 196, 77, 177, 153, 85, 60, 27, 59, 110, 92, 174, 24, 143, 151, 99, 184, 155, 191, 87, 126, 39, 160, 90, 175, 37, 195, 13, 142, 187, 16, 167, 186, 94, 50, 35, 67, 82, 169, 3, 128, 23, 105, 43, 170, 130, 5, 63, 54, 137, 100, 21, 116, 66, 168, 97, 171, 113, 40, 8, 41, 162, 165, 28, 81, 154, 134, 156, 146, 53, 42, 74, 73, 166, 118, 34]

