Amorim Algo's :
19134750.2748
[238, 301, 393, 489, 12, 134, 34, 201, 57, 384, 473, 355, 482, 61, 418, 95, 155, 369, 374, 181, 4, 308, 496, 317, 366, 416, 363, 162, 423, 427, 154, 259, 425, 21, 339, 450, 48, 189, 244, 461, 415, 191, 326, 22, 136, 120, 141, 340, 394, 334, 295, 32, 140, 458, 16, 70, 106, 335, 357, 412, 62, 284, 170, 144, 370, 23, 81, 247, 439, 409, 271, 325, 205, 344, 398, 172, 272, 309, 218, 112, 63, 361, 54, 255, 229, 478, 137, 52, 143, 10, 267, 27, 176, 85, 286, 165, 24, 8, 413, 350, 133, 389, 84, 402, 460, 55, 275, 368, 282, 327, 288, 88, 131, 289, 60, 164, 215, 378, 118, 278, 145, 14, 321, 417, 166, 239, 117, 426, 257, 184, 379, 408, 447, 353, 73, 414, 270, 40, 124, 292, 262, 449, 96, 305, 298, 217, 15, 471, 248, 316, 7, 231, 269, 196, 33, 90, 6, 443, 187, 479, 69, 43, 488, 97, 330, 227, 498, 399, 456, 349, 226, 232, 200, 216, 163, 422, 128, 360, 387, 436, 493, 430, 178, 98, 37, 283, 129, 390, 497, 472, 406, 499, 362, 3, 433, 274, 396, 410, 29, 273, 206, 297, 115, 354, 31, 392, 445, 302, 41, 291, 294, 411, 116, 300, 173, 377, 444, 45, 431, 65, 313, 50, 464, 451, 331, 53, 323, 381, 285, 77, 113, 476, 492, 314, 490, 336, 242, 440, 161, 180, 93, 480, 483, 127, 329, 256, 49, 233, 152, 2, 442, 13, 100, 372, 159, 312, 211, 121, 228, 432, 87, 235, 454, 28, 279, 186, 459, 126, 251, 9, 119, 448, 307, 260, 470, 475, 347, 299, 424, 138, 35, 486, 371, 198, 367, 343, 36, 153, 174, 249, 83, 468, 102, 1, 123, 160, 463, 234, 237, 240, 142, 68, 265, 91, 346, 109, 219, 441, 306, 47, 132, 107, 67, 103, 156, 111, 388, 403, 38, 182, 287, 114, 204, 481, 149, 404, 477, 446, 351, 373, 261, 199, 397, 266, 158, 183, 318, 455, 130, 304, 290, 438, 79, 364, 236, 342, 467, 195, 146, 263, 74, 11, 487, 92, 332, 177, 333, 99, 197, 341, 64, 19, 101, 71, 56, 358, 466, 208, 94, 375, 18, 5, 385, 395, 210, 168, 122, 485, 356, 250, 51, 421, 108, 44, 82, 293, 66, 474, 310, 179, 223, 469, 380, 151, 135, 429, 225, 207, 268, 311, 322, 26, 419, 434, 264, 280, 365, 401, 72, 491, 303, 376, 17, 46, 348, 150, 359, 58, 167, 258, 139, 277, 457, 75, 20, 212, 80, 453, 230, 188, 337, 246, 452, 147, 254, 252, 185, 175, 243, 435, 86, 110, 405, 169, 386, 328, 76, 338, 253, 352, 203, 42, 241, 315, 462, 495, 30, 391, 420, 320, 78, 224, 324, 465, 192, 276, 281, 0, 202, 157, 194, 383, 494, 221, 484, 382, 220, 193, 89, 437, 245, 407, 345, 213, 148, 319, 222, 171, 104, 209, 125, 59, 39, 214, 105, 190, 25, 296, 428, 400]

Iter #1 :
19089790.7146
[16, 458, 140, 32, 295, 334, 394, 340, 141, 120, 136, 22, 326, 191, 415, 461, 244, 189, 48, 450, 339, 21, 425, 259, 154, 427, 423, 162, 363, 416, 366, 317, 496, 308, 4, 181, 374, 369, 155, 95, 418, 61, 482, 355, 473, 384, 57, 201, 34, 134, 12, 489, 393, 301, 238, 70, 106, 335, 357, 412, 62, 284, 170, 144, 370, 23, 81, 247, 439, 409, 271, 325, 205, 344, 398, 172, 272, 309, 218, 112, 63, 361, 54, 255, 229, 478, 137, 52, 143, 10, 267, 27, 176, 85, 286, 165, 24, 8, 413, 350, 133, 389, 84, 402, 460, 55, 275, 368, 282, 327, 288, 88, 131, 289, 60, 164, 215, 378, 118, 278, 145, 14, 321, 417, 166, 239, 117, 426, 257, 184, 379, 408, 447, 353, 73, 414, 270, 40, 124, 292, 262, 449, 96, 305, 298, 217, 15, 471, 248, 316, 7, 231, 269, 196, 33, 90, 6, 443, 187, 479, 69, 43, 488, 97, 330, 227, 498, 399, 456, 349, 226, 232, 200, 216, 163, 422, 128, 360, 387, 436, 493, 430, 178, 98, 37, 283, 129, 390, 497, 472, 406, 499, 362, 3, 433, 274, 396, 410, 29, 273, 206, 297, 115, 354, 31, 392, 445, 302, 41, 291, 294, 411, 116, 300, 173, 377, 444, 45, 431, 65, 313, 50, 464, 451, 331, 53, 323, 381, 285, 77, 113, 476, 492, 314, 490, 336, 242, 440, 161, 180, 93, 480, 483, 127, 329, 256, 49, 233, 152, 2, 442, 13, 100, 372, 159, 312, 211, 121, 228, 432, 87, 235, 454, 28, 279, 186, 459, 126, 251, 9, 119, 448, 307, 260, 470, 475, 347, 299, 424, 138, 35, 486, 371, 198, 367, 343, 36, 153, 174, 249, 83, 468, 102, 1, 123, 160, 463, 234, 237, 240, 142, 68, 265, 91, 346, 109, 219, 441, 306, 47, 132, 107, 67, 103, 156, 111, 388, 403, 38, 182, 287, 114, 204, 481, 149, 404, 477, 446, 351, 373, 261, 199, 397, 266, 158, 183, 318, 455, 130, 304, 290, 438, 79, 364, 236, 342, 467, 195, 146, 263, 74, 11, 487, 92, 332, 177, 333, 99, 197, 341, 64, 19, 101, 71, 56, 358, 466, 208, 94, 375, 18, 5, 385, 395, 210, 168, 122, 485, 356, 250, 51, 421, 108, 44, 82, 293, 66, 474, 310, 179, 223, 469, 380, 151, 135, 429, 225, 207, 268, 311, 322, 26, 419, 434, 264, 280, 365, 401, 72, 491, 303, 376, 17, 46, 348, 150, 359, 58, 167, 258, 139, 277, 457, 75, 20, 212, 80, 453, 230, 188, 337, 246, 452, 147, 254, 252, 185, 175, 243, 435, 86, 110, 405, 169, 386, 328, 76, 338, 253, 352, 203, 42, 241, 315, 462, 495, 30, 391, 420, 320, 78, 224, 324, 465, 192, 276, 281, 0, 202, 157, 194, 383, 494, 221, 484, 382, 220, 193, 89, 437, 245, 407, 345, 213, 148, 319, 222, 171, 104, 209, 125, 59, 39, 214, 105, 190, 25, 296, 428, 400]

Iter #10 :
18970415.787
[428, 296, 157, 194, 383, 494, 221, 484, 382, 220, 193, 89, 437, 245, 407, 345, 213, 148, 319, 222, 171, 104, 209, 125, 59, 39, 214, 105, 190, 25, 202, 0, 281, 276, 192, 465, 324, 224, 78, 320, 420, 391, 30, 495, 462, 315, 241, 42, 203, 352, 76, 338, 253, 328, 386, 169, 405, 110, 86, 435, 243, 175, 185, 252, 254, 147, 452, 246, 337, 188, 230, 453, 80, 212, 20, 75, 457, 277, 139, 258, 167, 58, 359, 150, 348, 46, 17, 376, 303, 491, 72, 401, 365, 264, 280, 434, 419, 26, 322, 311, 268, 207, 225, 429, 135, 151, 380, 469, 223, 179, 310, 474, 66, 293, 82, 44, 108, 421, 51, 250, 356, 485, 122, 168, 210, 395, 385, 5, 18, 375, 466, 208, 94, 358, 56, 71, 101, 336, 242, 440, 161, 180, 93, 480, 483, 127, 329, 256, 49, 233, 152, 432, 228, 121, 211, 312, 159, 372, 100, 13, 442, 2, 87, 235, 454, 28, 279, 186, 459, 126, 251, 9, 119, 448, 307, 260, 470, 475, 299, 424, 138, 35, 486, 371, 198, 367, 347, 343, 36, 153, 174, 249, 83, 468, 102, 1, 123, 160, 463, 234, 237, 240, 142, 68, 265, 91, 346, 109, 219, 441, 306, 47, 132, 107, 67, 103, 156, 111, 388, 403, 38, 182, 287, 114, 204, 481, 149, 404, 477, 446, 351, 373, 261, 199, 397, 266, 158, 183, 318, 455, 130, 304, 290, 438, 79, 364, 236, 342, 467, 195, 146, 263, 74, 11, 487, 92, 332, 177, 333, 99, 197, 341, 64, 19, 490, 314, 492, 476, 113, 77, 285, 381, 323, 53, 331, 451, 464, 50, 313, 65, 431, 45, 444, 377, 173, 300, 116, 411, 294, 291, 41, 302, 445, 392, 31, 354, 115, 297, 206, 273, 29, 410, 396, 274, 433, 3, 362, 499, 406, 472, 497, 390, 129, 283, 37, 98, 178, 430, 493, 436, 387, 360, 128, 422, 163, 216, 200, 232, 226, 349, 456, 399, 498, 227, 330, 97, 488, 43, 69, 479, 187, 443, 6, 90, 33, 196, 269, 231, 7, 316, 248, 471, 15, 217, 298, 305, 96, 449, 262, 292, 124, 40, 270, 414, 73, 353, 447, 408, 379, 184, 257, 426, 117, 239, 166, 417, 321, 14, 145, 278, 118, 378, 215, 164, 60, 289, 131, 88, 288, 327, 282, 368, 275, 55, 460, 402, 84, 389, 133, 350, 413, 8, 24, 165, 286, 85, 176, 27, 267, 10, 143, 52, 137, 478, 229, 255, 54, 361, 63, 112, 218, 309, 272, 172, 398, 344, 205, 325, 271, 409, 439, 247, 81, 23, 370, 144, 170, 284, 62, 412, 357, 335, 106, 70, 238, 301, 393, 489, 12, 134, 34, 201, 57, 384, 473, 355, 482, 61, 418, 95, 155, 369, 374, 181, 4, 308, 496, 317, 366, 416, 363, 162, 423, 427, 154, 259, 425, 21, 339, 450, 48, 189, 244, 461, 415, 191, 326, 22, 136, 120, 141, 340, 394, 334, 295, 32, 140, 458, 16, 400]

Final 2opt :
18468575.3282
[428, 296, 157, 194, 383, 494, 221, 484, 382, 220, 193, 89, 437, 245, 407, 345, 213, 148, 319, 222, 171, 104, 209, 125, 59, 39, 214, 105, 190, 25, 202, 0, 281, 276, 192, 465, 324, 224, 78, 320, 420, 391, 30, 495, 462, 315, 241, 42, 203, 352, 76, 338, 253, 328, 386, 169, 405, 110, 86, 435, 243, 175, 185, 252, 254, 147, 452, 246, 337, 188, 230, 453, 80, 212, 20, 75, 457, 277, 139, 258, 167, 58, 359, 150, 348, 46, 17, 376, 303, 491, 72, 401, 365, 264, 280, 434, 419, 26, 322, 311, 268, 207, 225, 429, 135, 151, 380, 469, 223, 179, 310, 474, 66, 293, 82, 44, 108, 421, 51, 250, 356, 485, 122, 168, 210, 395, 385, 5, 18, 375, 466, 208, 94, 358, 56, 71, 101, 336, 242, 440, 161, 180, 93, 480, 483, 127, 329, 256, 49, 233, 152, 432, 228, 121, 211, 312, 159, 372, 100, 13, 442, 2, 87, 235, 454, 28, 279, 186, 459, 126, 251, 9, 119, 448, 307, 260, 470, 475, 299, 424, 138, 35, 486, 371, 198, 367, 347, 343, 36, 153, 174, 249, 83, 123, 1, 102, 468, 160, 463, 234, 237, 240, 142, 68, 265, 91, 346, 109, 219, 441, 306, 47, 132, 107, 388, 111, 103, 156, 67, 403, 38, 182, 287, 114, 204, 481, 149, 404, 477, 446, 351, 373, 261, 199, 397, 266, 158, 183, 318, 455, 130, 304, 290, 438, 79, 364, 236, 342, 467, 195, 146, 263, 74, 11, 487, 92, 332, 177, 333, 99, 197, 341, 64, 19, 490, 314, 492, 476, 113, 77, 285, 381, 323, 53, 331, 451, 464, 50, 313, 65, 431, 45, 444, 377, 173, 300, 116, 294, 411, 291, 41, 302, 445, 392, 354, 31, 115, 297, 206, 273, 29, 410, 3, 433, 274, 396, 362, 499, 406, 472, 497, 390, 129, 283, 37, 426, 257, 184, 379, 408, 447, 353, 73, 414, 270, 40, 124, 292, 262, 449, 96, 305, 298, 217, 15, 471, 248, 316, 7, 231, 269, 33, 196, 90, 6, 443, 187, 479, 69, 43, 488, 97, 330, 227, 498, 399, 456, 349, 226, 232, 200, 216, 163, 422, 128, 360, 387, 436, 493, 430, 98, 178, 117, 239, 166, 417, 321, 14, 145, 278, 118, 378, 215, 164, 60, 289, 131, 88, 288, 327, 282, 368, 275, 402, 460, 55, 84, 389, 133, 350, 413, 8, 24, 165, 286, 85, 176, 27, 267, 10, 143, 52, 137, 478, 63, 361, 54, 412, 357, 335, 106, 70, 62, 284, 170, 144, 370, 23, 81, 247, 439, 409, 271, 325, 205, 344, 398, 272, 255, 229, 112, 218, 309, 172, 238, 301, 393, 489, 12, 134, 34, 201, 57, 384, 95, 418, 61, 482, 355, 473, 32, 295, 334, 394, 340, 141, 120, 136, 22, 326, 191, 461, 415, 48, 450, 244, 189, 339, 21, 425, 259, 154, 427, 423, 162, 363, 416, 366, 317, 496, 308, 4, 181, 374, 369, 155, 140, 458, 16, 400]

