Nearest Neighbors Path :
16527403.2193
[96, 59, 7, 78, 5, 1, 13, 84, 17, 9, 32, 67, 52, 75, 83, 8, 82, 26, 43, 37, 46, 64, 4, 23, 33, 30, 25, 24, 44, 35, 60, 28, 92, 99, 39, 31, 76, 12, 54, 19, 3, 79, 27, 0, 66, 90, 10, 2, 73, 93, 91, 38, 29, 22, 85, 61, 89, 6, 47, 80, 14, 56, 58, 87, 36, 51, 77, 18, 68, 63, 11, 49, 81, 41, 21, 94, 97, 20, 71, 45, 42, 48, 57, 86, 98, 95, 88, 53, 62, 15, 69, 50, 34, 72, 70, 65, 55, 74, 16, 40]

Iter #1 :
16472340.4492
[1, 5, 78, 7, 59, 96, 13, 84, 17, 9, 32, 67, 52, 75, 83, 8, 82, 26, 43, 37, 46, 64, 4, 23, 33, 30, 25, 24, 44, 35, 60, 28, 92, 99, 39, 31, 76, 12, 54, 19, 3, 79, 27, 0, 66, 90, 10, 2, 73, 93, 91, 38, 29, 22, 85, 61, 89, 6, 47, 80, 14, 56, 58, 87, 36, 51, 77, 18, 68, 63, 11, 49, 81, 41, 21, 94, 97, 20, 71, 45, 42, 48, 57, 86, 98, 95, 88, 53, 62, 15, 69, 50, 34, 72, 70, 65, 55, 74, 16, 40]

Iter #10 :
15574382.2117
[89, 91, 93, 73, 2, 10, 90, 66, 0, 27, 79, 3, 19, 54, 12, 76, 31, 39, 99, 92, 28, 60, 35, 44, 24, 25, 30, 33, 23, 4, 64, 46, 37, 43, 26, 82, 8, 83, 75, 52, 67, 32, 9, 17, 84, 13, 96, 59, 7, 78, 5, 1, 38, 29, 22, 85, 80, 14, 56, 58, 87, 36, 51, 77, 18, 68, 63, 11, 49, 81, 41, 21, 94, 97, 20, 71, 45, 74, 16, 55, 65, 70, 72, 34, 50, 69, 15, 62, 53, 88, 95, 98, 86, 57, 48, 42, 61, 6, 47, 40]

Final 2opt :
11262244.4423
[85, 89, 91, 93, 98, 34, 88, 0, 95, 66, 50, 53, 27, 79, 3, 19, 74, 9, 17, 84, 13, 96, 59, 7, 78, 5, 1, 38, 29, 22, 80, 87, 58, 56, 14, 71, 20, 45, 97, 77, 18, 68, 94, 21, 11, 63, 55, 36, 51, 32, 67, 52, 75, 83, 41, 81, 44, 60, 35, 49, 8, 82, 24, 25, 33, 23, 4, 30, 26, 43, 37, 46, 64, 16, 65, 92, 28, 39, 31, 99, 76, 12, 54, 69, 15, 62, 70, 90, 10, 2, 73, 72, 86, 57, 48, 42, 61, 6, 47, 40]

