Nearest Neighbors Path :
21625347.787
[56, 46, 83, 147, 95, 194, 0, 26, 76, 96, 64, 180, 88, 112, 125, 89, 149, 65, 192, 51, 185, 40, 41, 162, 165, 116, 81, 21, 154, 28, 8, 62, 197, 157, 156, 146, 53, 42, 73, 166, 118, 34, 45, 114, 193, 57, 25, 98, 120, 135, 127, 134, 54, 137, 63, 74, 100, 103, 119, 91, 58, 107, 9, 72, 29, 111, 84, 106, 181, 183, 190, 32, 47, 15, 14, 101, 104, 140, 148, 129, 124, 138, 31, 6, 69, 182, 49, 10, 141, 38, 161, 33, 188, 1, 2, 158, 22, 70, 132, 11, 71, 176, 121, 78, 93, 199, 133, 159, 102, 61, 164, 144, 52, 79, 12, 27, 153, 177, 85, 60, 77, 18, 196, 19, 152, 150, 44, 179, 86, 108, 36, 109, 30, 17, 48, 7, 198, 68, 189, 123, 173, 172, 80, 122, 163, 139, 117, 115, 145, 178, 136, 126, 130, 66, 168, 171, 131, 113, 75, 97, 170, 184, 155, 191, 99, 151, 24, 143, 39, 175, 195, 13, 187, 16, 186, 167, 142, 90, 160, 23, 82, 67, 169, 105, 43, 5, 128, 3, 94, 35, 50, 87, 174, 110, 92, 59, 55, 4, 37, 20]

Iter #1 :
21624846.8194
[147, 83, 46, 56, 95, 194, 0, 26, 76, 96, 64, 180, 88, 112, 125, 89, 149, 65, 192, 51, 185, 40, 41, 162, 165, 116, 81, 21, 154, 28, 8, 62, 197, 157, 156, 146, 53, 42, 73, 166, 118, 34, 45, 114, 193, 57, 25, 98, 120, 135, 127, 134, 54, 137, 63, 74, 100, 103, 119, 91, 58, 107, 9, 72, 29, 111, 84, 106, 181, 183, 190, 32, 47, 15, 14, 101, 104, 140, 148, 129, 124, 138, 31, 6, 69, 182, 49, 10, 141, 38, 161, 33, 188, 1, 2, 158, 22, 70, 132, 11, 71, 176, 121, 78, 93, 199, 133, 159, 102, 61, 164, 144, 52, 79, 12, 27, 153, 177, 85, 60, 77, 18, 196, 19, 152, 150, 44, 179, 86, 108, 36, 109, 30, 17, 48, 7, 198, 68, 189, 123, 173, 172, 80, 122, 163, 139, 117, 115, 145, 178, 136, 126, 130, 66, 168, 171, 131, 113, 75, 97, 170, 184, 155, 191, 99, 151, 24, 143, 39, 175, 195, 13, 187, 16, 186, 167, 142, 90, 160, 23, 82, 67, 169, 105, 43, 5, 128, 3, 94, 35, 50, 87, 174, 110, 92, 59, 55, 4, 37, 20]

Iter #10 :
21246098.1799
[174, 110, 92, 59, 55, 4, 37, 87, 50, 35, 94, 3, 128, 5, 43, 105, 169, 67, 82, 23, 160, 90, 142, 167, 186, 16, 187, 13, 195, 175, 39, 143, 24, 151, 99, 191, 155, 184, 170, 97, 75, 113, 131, 171, 168, 66, 130, 126, 136, 178, 145, 115, 117, 139, 163, 122, 80, 172, 173, 123, 189, 68, 198, 7, 48, 17, 30, 109, 36, 108, 86, 179, 44, 1, 188, 33, 161, 38, 141, 10, 49, 182, 69, 6, 31, 138, 124, 129, 148, 140, 104, 101, 14, 15, 47, 32, 190, 183, 181, 106, 84, 111, 29, 72, 9, 107, 58, 91, 119, 103, 100, 74, 63, 137, 54, 134, 127, 135, 120, 98, 25, 57, 193, 114, 45, 34, 118, 166, 73, 42, 53, 146, 156, 157, 197, 62, 8, 28, 154, 21, 81, 116, 165, 162, 41, 40, 185, 51, 192, 65, 149, 95, 56, 46, 83, 147, 194, 0, 26, 76, 96, 180, 64, 88, 112, 125, 89, 2, 158, 22, 70, 132, 11, 71, 176, 121, 78, 93, 199, 133, 159, 102, 61, 164, 144, 52, 79, 12, 27, 153, 177, 85, 60, 77, 18, 196, 19, 152, 150, 20]

Final 2opt :
15641890.6194
[77, 153, 177, 60, 85, 27, 12, 36, 108, 86, 179, 44, 131, 136, 126, 130, 171, 97, 168, 66, 170, 105, 82, 67, 169, 23, 43, 175, 184, 87, 155, 191, 99, 151, 24, 143, 39, 37, 195, 13, 187, 16, 186, 167, 142, 90, 160, 128, 3, 94, 50, 35, 5, 116, 165, 162, 41, 28, 100, 63, 74, 54, 137, 134, 156, 146, 53, 42, 73, 166, 118, 34, 45, 114, 193, 57, 120, 25, 98, 135, 127, 157, 197, 103, 154, 21, 81, 8, 62, 119, 10, 49, 4, 161, 38, 69, 111, 84, 181, 183, 106, 190, 32, 47, 15, 14, 104, 6, 101, 31, 138, 124, 129, 148, 140, 29, 72, 141, 182, 58, 91, 107, 9, 75, 188, 149, 65, 192, 51, 185, 33, 40, 113, 178, 1, 117, 115, 89, 112, 88, 95, 194, 0, 26, 76, 96, 180, 83, 147, 46, 56, 64, 145, 125, 122, 163, 139, 132, 11, 71, 176, 121, 102, 159, 68, 123, 199, 93, 78, 70, 158, 172, 80, 2, 173, 22, 164, 144, 79, 52, 189, 61, 198, 133, 55, 17, 48, 7, 30, 109, 59, 110, 174, 92, 18, 196, 19, 152, 150, 20]

