Nearest Neighbors Path :
10948281.319
[29, 30, 10, 8, 37, 26, 40, 19, 44, 2, 21, 46, 7, 1, 3, 42, 33, 27, 32, 49, 13, 17, 16, 11, 47, 20, 39, 25, 43, 15, 35, 9, 24, 5, 14, 4, 18, 41, 38, 6, 23, 48, 45, 12, 0, 36, 22, 34, 31, 28]

Iter #1 :
10835990.0474
[5, 24, 9, 35, 15, 43, 25, 39, 20, 47, 11, 16, 17, 13, 49, 32, 27, 33, 42, 3, 1, 7, 46, 21, 2, 44, 19, 40, 26, 37, 8, 10, 30, 29, 14, 4, 18, 41, 38, 6, 23, 48, 45, 12, 0, 36, 22, 34, 31, 28]

Iter #10 :
9364866.55623
[24, 9, 35, 25, 43, 15, 39, 20, 47, 11, 16, 17, 13, 31, 49, 32, 33, 27, 42, 3, 1, 7, 46, 0, 36, 22, 21, 2, 44, 19, 40, 26, 37, 8, 10, 30, 29, 14, 4, 18, 41, 38, 6, 23, 48, 45, 34, 12, 5, 28]

Final 2opt :
7732150.9526
[24, 9, 35, 25, 43, 15, 39, 20, 47, 11, 16, 17, 13, 31, 49, 32, 33, 27, 42, 3, 1, 7, 46, 36, 0, 22, 21, 2, 44, 37, 8, 10, 30, 29, 6, 38, 41, 23, 18, 4, 14, 48, 26, 19, 40, 45, 34, 12, 5, 28]

