Nearest Neighbors Path :
34005774.9599
[324, 224, 465, 192, 281, 0, 296, 157, 276, 202, 383, 494, 221, 437, 245, 89, 193, 168, 210, 356, 122, 250, 51, 44, 82, 421, 185, 252, 108, 66, 474, 179, 223, 380, 469, 485, 293, 147, 254, 452, 188, 337, 310, 135, 151, 429, 94, 208, 358, 56, 466, 5, 385, 375, 71, 314, 113, 476, 492, 77, 381, 323, 285, 400, 428, 53, 313, 431, 50, 65, 464, 331, 197, 333, 99, 177, 332, 92, 74, 11, 263, 318, 195, 146, 342, 438, 79, 273, 206, 115, 364, 290, 130, 467, 304, 406, 455, 499, 362, 410, 29, 297, 302, 41, 445, 291, 116, 173, 444, 487, 266, 183, 341, 64, 242, 440, 336, 329, 483, 127, 93, 480, 235, 454, 28, 186, 279, 87, 121, 159, 312, 419, 264, 434, 365, 280, 207, 268, 322, 211, 152, 109, 91, 219, 441, 306, 132, 180, 107, 388, 38, 114, 182, 403, 111, 156, 158, 103, 397, 351, 261, 67, 373, 404, 446, 477, 149, 283, 390, 166, 417, 117, 430, 493, 360, 387, 436, 128, 422, 163, 216, 215, 378, 164, 402, 289, 288, 327, 368, 275, 55, 84, 133, 85, 176, 165, 286, 389, 27, 143, 10, 267, 137, 112, 218, 309, 172, 398, 344, 301, 205, 489, 134, 12, 271, 409, 81, 247, 23, 370, 170, 144, 284, 16, 458, 57, 384, 355, 473, 95, 201, 439, 34, 62, 412, 357, 335, 354, 350, 31, 411, 392, 294, 106, 8, 413, 24, 54, 255, 229, 63, 52, 478, 272, 238, 393, 325, 361, 140, 32, 155, 369, 374, 295, 334, 394, 340, 22, 136, 141, 308, 496, 317, 366, 162, 154, 259, 425, 189, 244, 450, 48, 320, 78, 339, 427, 423, 21, 415, 461, 391, 420, 105, 462, 495, 315, 203, 42, 241, 30, 190, 39, 125, 209, 104, 222, 405, 386, 169, 328, 352, 76, 253, 59, 214, 171, 319, 345, 213, 407, 435, 175, 243, 220, 382, 395, 484, 25, 148, 110, 338, 194, 86, 363, 4, 181, 45, 377, 236, 70, 482, 120, 191, 61, 418, 326, 416, 490, 101, 161, 256, 311, 26, 233, 225, 246, 80, 20, 453, 230, 457, 75, 277, 139, 303, 17, 376, 491, 46, 359, 348, 198, 371, 2, 35, 442, 432, 13, 372, 72, 401, 258, 150, 367, 299, 475, 424, 9, 119, 251, 459, 138, 347, 307, 470, 343, 153, 249, 36, 102, 1, 96, 262, 481, 287, 463, 237, 240, 83, 142, 68, 346, 265, 47, 234, 160, 468, 449, 270, 40, 414, 124, 408, 353, 305, 298, 217, 471, 15, 7, 231, 316, 33, 196, 257, 184, 426, 447, 292, 204, 37, 239, 321, 145, 396, 14, 118, 60, 131, 274, 88, 278, 433, 282, 472, 129, 199, 300, 497, 3, 460, 178, 456, 226, 98, 443, 269, 187, 479, 43, 488, 69, 399, 97, 227, 232, 349, 498, 200, 6, 248, 123, 73, 379, 330, 174, 126, 448, 100, 49, 19, 18, 212, 167, 58, 486, 228, 260, 451, 90]

Iter #1 :
33905143.4483
[53, 428, 400, 285, 323, 381, 77, 492, 476, 113, 314, 71, 375, 385, 5, 466, 56, 358, 208, 94, 429, 151, 135, 310, 337, 188, 452, 254, 147, 293, 485, 469, 380, 223, 179, 474, 66, 108, 252, 185, 421, 82, 44, 51, 250, 122, 356, 210, 168, 193, 89, 245, 437, 221, 494, 383, 202, 276, 157, 296, 0, 281, 192, 465, 224, 324, 313, 431, 50, 65, 464, 331, 197, 333, 99, 177, 332, 92, 74, 11, 263, 318, 195, 146, 342, 438, 79, 273, 206, 115, 364, 290, 130, 467, 304, 406, 455, 499, 362, 410, 29, 297, 302, 41, 445, 291, 116, 173, 444, 487, 266, 183, 341, 64, 242, 440, 336, 329, 483, 127, 93, 480, 235, 454, 28, 186, 279, 87, 121, 159, 312, 419, 264, 434, 365, 280, 207, 268, 322, 211, 152, 109, 91, 219, 441, 306, 132, 180, 107, 388, 38, 114, 182, 403, 111, 156, 158, 103, 397, 351, 261, 67, 373, 404, 446, 477, 149, 283, 390, 166, 417, 117, 430, 493, 360, 387, 436, 128, 422, 163, 216, 215, 378, 164, 402, 289, 288, 327, 368, 275, 55, 84, 133, 85, 176, 165, 286, 389, 27, 143, 10, 267, 137, 112, 218, 309, 172, 398, 344, 301, 205, 489, 134, 12, 271, 409, 81, 247, 23, 370, 170, 144, 284, 16, 458, 57, 384, 355, 473, 95, 201, 439, 34, 62, 412, 357, 335, 354, 350, 31, 411, 392, 294, 106, 8, 413, 24, 54, 255, 229, 63, 52, 478, 272, 238, 393, 325, 361, 140, 32, 155, 369, 374, 295, 334, 394, 340, 22, 136, 141, 308, 496, 317, 366, 162, 154, 259, 425, 189, 244, 450, 48, 320, 78, 339, 427, 423, 21, 415, 461, 391, 420, 105, 462, 495, 315, 203, 42, 241, 30, 190, 39, 125, 209, 104, 222, 405, 386, 169, 328, 352, 76, 253, 59, 214, 171, 319, 345, 213, 407, 435, 175, 243, 220, 382, 395, 484, 25, 148, 110, 338, 194, 86, 363, 4, 181, 45, 377, 236, 70, 482, 120, 191, 61, 418, 326, 416, 490, 101, 161, 256, 311, 26, 233, 225, 246, 80, 20, 453, 230, 457, 75, 277, 139, 303, 17, 376, 491, 46, 359, 348, 198, 371, 2, 35, 442, 432, 13, 372, 72, 401, 258, 150, 367, 299, 475, 424, 9, 119, 251, 459, 138, 347, 307, 470, 343, 153, 249, 36, 102, 1, 96, 262, 481, 287, 463, 237, 240, 83, 142, 68, 346, 265, 47, 234, 160, 468, 449, 270, 40, 414, 124, 408, 353, 305, 298, 217, 471, 15, 7, 231, 316, 33, 196, 257, 184, 426, 447, 292, 204, 37, 239, 321, 145, 396, 14, 118, 60, 131, 274, 88, 278, 433, 282, 472, 129, 199, 300, 497, 3, 460, 178, 456, 226, 98, 443, 269, 187, 479, 43, 488, 69, 399, 97, 227, 232, 349, 498, 200, 6, 248, 123, 73, 379, 330, 174, 126, 448, 100, 49, 19, 18, 212, 167, 58, 486, 228, 260, 451, 90]

Iter #10 :
33469852.4502
[404, 446, 373, 67, 156, 158, 103, 111, 403, 182, 114, 38, 388, 107, 180, 132, 306, 441, 219, 91, 109, 152, 211, 322, 268, 207, 280, 365, 434, 264, 419, 312, 159, 121, 87, 279, 186, 28, 454, 235, 480, 93, 127, 483, 329, 336, 440, 242, 64, 341, 183, 99, 333, 197, 53, 428, 400, 285, 323, 381, 77, 492, 476, 113, 314, 71, 375, 385, 5, 466, 56, 358, 208, 94, 429, 151, 135, 310, 337, 188, 452, 254, 147, 293, 485, 469, 380, 223, 179, 474, 66, 108, 252, 185, 421, 82, 44, 51, 250, 122, 356, 210, 168, 193, 89, 245, 437, 221, 494, 383, 202, 276, 157, 296, 0, 281, 192, 465, 224, 324, 313, 431, 50, 65, 464, 331, 177, 332, 92, 74, 11, 263, 318, 195, 146, 342, 438, 79, 273, 206, 115, 364, 290, 130, 467, 304, 406, 455, 499, 362, 410, 29, 297, 302, 41, 445, 291, 116, 173, 444, 487, 266, 397, 261, 351, 477, 149, 283, 390, 166, 417, 117, 430, 493, 360, 387, 436, 128, 422, 163, 216, 215, 378, 164, 402, 289, 288, 327, 368, 275, 55, 84, 133, 85, 176, 165, 286, 389, 27, 143, 10, 267, 137, 112, 218, 309, 172, 398, 344, 301, 205, 489, 134, 12, 271, 409, 81, 247, 23, 370, 170, 144, 284, 16, 458, 57, 384, 355, 473, 95, 201, 439, 34, 62, 412, 357, 335, 354, 350, 31, 411, 392, 294, 106, 8, 413, 24, 54, 255, 229, 63, 52, 478, 272, 238, 393, 325, 361, 140, 32, 155, 369, 374, 295, 334, 394, 340, 22, 136, 141, 308, 496, 317, 366, 162, 154, 259, 425, 189, 244, 450, 48, 320, 78, 339, 427, 423, 21, 415, 461, 391, 420, 105, 462, 495, 315, 203, 42, 241, 30, 190, 39, 125, 209, 104, 222, 405, 386, 169, 328, 352, 76, 253, 59, 214, 171, 319, 345, 213, 407, 435, 175, 243, 220, 382, 395, 484, 25, 148, 110, 338, 194, 86, 363, 4, 181, 45, 377, 236, 70, 482, 120, 191, 61, 418, 326, 416, 490, 101, 161, 256, 311, 26, 233, 225, 246, 80, 20, 453, 230, 457, 75, 277, 139, 303, 17, 376, 491, 46, 359, 348, 198, 371, 2, 35, 442, 432, 13, 372, 72, 401, 258, 150, 367, 299, 475, 424, 9, 119, 251, 459, 138, 347, 307, 470, 343, 153, 249, 36, 102, 1, 96, 262, 481, 287, 463, 237, 240, 83, 142, 68, 346, 265, 47, 234, 160, 468, 449, 270, 40, 414, 124, 408, 353, 305, 298, 217, 471, 15, 7, 231, 316, 33, 196, 257, 184, 426, 447, 292, 204, 37, 239, 321, 145, 396, 14, 118, 60, 131, 274, 88, 278, 433, 282, 472, 129, 199, 300, 497, 3, 460, 178, 456, 226, 98, 443, 269, 187, 479, 43, 488, 69, 399, 97, 227, 232, 349, 498, 200, 6, 248, 123, 73, 379, 330, 174, 126, 448, 100, 49, 19, 18, 212, 167, 58, 486, 228, 260, 451, 90]

Iter #100 :
29536617.0801
[6, 443, 269, 187, 479, 69, 43, 488, 399, 97, 330, 200, 498, 232, 227, 226, 98, 349, 456, 178, 430, 493, 436, 387, 360, 128, 216, 163, 422, 215, 378, 164, 402, 460, 289, 60, 118, 131, 274, 88, 278, 145, 396, 14, 129, 199, 318, 300, 236, 41, 115, 297, 206, 29, 410, 362, 499, 406, 130, 290, 438, 79, 273, 364, 342, 467, 304, 455, 497, 472, 3, 433, 288, 282, 327, 368, 275, 55, 84, 133, 286, 165, 176, 85, 389, 27, 267, 10, 143, 63, 229, 325, 205, 344, 301, 398, 272, 309, 218, 112, 478, 52, 137, 172, 238, 393, 489, 12, 134, 271, 409, 247, 81, 23, 370, 255, 361, 54, 24, 8, 413, 357, 335, 354, 350, 31, 392, 302, 106, 411, 294, 445, 291, 116, 173, 45, 181, 4, 308, 141, 22, 136, 340, 394, 334, 295, 374, 369, 155, 32, 140, 70, 412, 62, 458, 16, 284, 144, 170, 34, 439, 201, 95, 473, 355, 384, 57, 482, 61, 418, 120, 326, 191, 496, 317, 366, 162, 427, 189, 244, 78, 320, 48, 450, 339, 423, 154, 259, 425, 21, 415, 461, 391, 420, 105, 462, 495, 315, 203, 42, 241, 30, 190, 39, 125, 209, 104, 222, 405, 386, 169, 328, 352, 76, 253, 59, 214, 171, 319, 345, 213, 407, 435, 175, 243, 220, 382, 395, 484, 25, 148, 110, 338, 194, 86, 363, 416, 490, 101, 161, 256, 311, 26, 233, 225, 246, 80, 20, 453, 230, 457, 75, 277, 139, 303, 17, 376, 491, 46, 359, 348, 198, 371, 2, 35, 442, 432, 13, 372, 72, 401, 258, 150, 367, 299, 475, 424, 9, 119, 251, 459, 138, 347, 307, 470, 343, 153, 249, 36, 102, 1, 96, 262, 481, 287, 463, 237, 240, 83, 142, 68, 346, 265, 47, 234, 160, 468, 449, 270, 40, 414, 124, 408, 292, 204, 37, 239, 321, 117, 417, 166, 390, 283, 149, 477, 351, 261, 397, 266, 487, 444, 377, 146, 195, 263, 11, 74, 92, 332, 177, 331, 464, 65, 50, 431, 313, 324, 224, 465, 192, 281, 0, 296, 157, 276, 202, 383, 494, 221, 437, 245, 89, 193, 168, 210, 356, 122, 250, 51, 44, 82, 421, 185, 252, 108, 66, 474, 179, 223, 380, 469, 485, 293, 147, 254, 452, 188, 337, 310, 135, 151, 429, 94, 208, 358, 56, 466, 5, 385, 375, 71, 314, 113, 476, 492, 77, 381, 323, 285, 400, 428, 53, 197, 333, 99, 183, 341, 64, 242, 440, 336, 329, 483, 127, 93, 480, 235, 454, 28, 186, 279, 87, 121, 159, 312, 419, 264, 434, 365, 280, 207, 268, 322, 211, 152, 109, 91, 219, 441, 306, 132, 180, 107, 388, 38, 114, 182, 403, 111, 103, 158, 156, 67, 373, 446, 404, 257, 426, 184, 379, 73, 305, 298, 174, 126, 448, 100, 49, 19, 18, 212, 167, 58, 486, 228, 260, 451, 447, 353, 217, 196, 33, 248, 471, 15, 123, 7, 231, 316, 90]

Final 2opt :
25155354.4283
[6, 443, 269, 187, 479, 69, 43, 488, 399, 97, 330, 200, 498, 232, 227, 226, 98, 349, 456, 178, 430, 493, 436, 387, 360, 128, 216, 163, 422, 215, 378, 164, 402, 460, 289, 60, 118, 131, 274, 88, 278, 145, 396, 14, 129, 199, 318, 300, 236, 41, 115, 297, 206, 29, 410, 362, 499, 406, 130, 290, 438, 79, 273, 364, 342, 467, 304, 455, 497, 472, 3, 433, 288, 282, 327, 368, 275, 55, 84, 133, 286, 165, 176, 85, 389, 27, 267, 10, 143, 63, 229, 325, 205, 344, 301, 398, 272, 309, 218, 112, 478, 52, 137, 172, 238, 393, 489, 12, 134, 271, 409, 247, 81, 23, 370, 255, 361, 54, 24, 8, 413, 357, 335, 354, 350, 31, 392, 302, 106, 411, 294, 445, 291, 116, 173, 45, 181, 4, 308, 141, 22, 136, 340, 394, 334, 295, 374, 369, 155, 32, 140, 70, 412, 62, 458, 16, 284, 144, 170, 34, 439, 201, 95, 473, 355, 384, 57, 482, 61, 418, 120, 326, 191, 496, 317, 366, 162, 427, 189, 244, 78, 320, 48, 450, 339, 154, 423, 259, 425, 21, 461, 415, 391, 420, 105, 30, 495, 315, 203, 42, 241, 462, 190, 405, 328, 386, 169, 59, 214, 352, 76, 338, 253, 110, 213, 345, 319, 171, 222, 104, 209, 125, 39, 148, 25, 194, 86, 407, 435, 175, 243, 89, 245, 437, 221, 494, 383, 276, 157, 202, 281, 192, 465, 224, 324, 363, 416, 313, 431, 50, 65, 464, 444, 377, 146, 195, 263, 11, 74, 487, 92, 332, 177, 451, 331, 333, 99, 183, 107, 388, 182, 114, 38, 403, 111, 103, 158, 156, 67, 266, 397, 261, 351, 477, 149, 283, 390, 321, 117, 417, 239, 166, 37, 426, 257, 184, 379, 446, 373, 404, 481, 287, 160, 463, 47, 441, 265, 68, 142, 83, 240, 237, 234, 468, 262, 204, 292, 124, 408, 414, 40, 270, 449, 96, 1, 102, 36, 249, 174, 260, 448, 424, 138, 9, 119, 251, 459, 486, 371, 198, 35, 2, 442, 432, 13, 372, 72, 401, 491, 376, 17, 303, 46, 348, 359, 258, 139, 277, 230, 453, 212, 80, 188, 225, 233, 49, 101, 314, 113, 476, 492, 77, 490, 19, 336, 256, 152, 235, 454, 28, 87, 121, 211, 322, 311, 26, 268, 207, 280, 434, 264, 365, 419, 312, 159, 100, 228, 279, 186, 126, 109, 91, 346, 219, 306, 132, 180, 93, 480, 127, 483, 329, 161, 440, 242, 64, 341, 197, 53, 428, 400, 381, 323, 285, 0, 296, 484, 395, 382, 220, 193, 168, 210, 122, 469, 380, 223, 179, 474, 66, 485, 356, 250, 51, 44, 82, 421, 185, 252, 108, 293, 147, 254, 452, 310, 135, 151, 18, 5, 385, 71, 375, 466, 94, 208, 358, 56, 429, 337, 246, 20, 457, 75, 167, 58, 150, 367, 299, 347, 475, 307, 470, 343, 153, 298, 305, 73, 447, 353, 217, 196, 33, 248, 471, 15, 123, 7, 231, 316, 90]

