MST+DFS :
23317834.9898
[32, 140, 458, 57, 201, 34, 23, 81, 247, 439, 409, 271, 325, 205, 398, 301, 238, 393, 172, 309, 229, 255, 54, 361, 218, 112, 63, 478, 137, 52, 143, 10, 267, 27, 176, 85, 286, 389, 133, 84, 350, 165, 272, 344, 134, 12, 489, 370, 170, 144, 284, 62, 412, 413, 8, 24, 357, 335, 106, 70, 16, 384, 473, 355, 482, 61, 334, 394, 340, 22, 136, 120, 326, 191, 259, 425, 154, 427, 423, 162, 366, 416, 363, 317, 496, 308, 4, 181, 374, 369, 155, 189, 339, 450, 48, 21, 461, 415, 244, 224, 324, 465, 192, 276, 281, 202, 157, 194, 383, 494, 221, 484, 382, 220, 193, 168, 485, 356, 51, 421, 44, 82, 108, 185, 252, 175, 243, 435, 86, 110, 293, 66, 250, 122, 469, 380, 151, 135, 429, 466, 94, 375, 18, 5, 385, 208, 358, 56, 71, 225, 207, 268, 311, 233, 49, 256, 329, 127, 483, 480, 152, 235, 87, 121, 211, 228, 159, 372, 72, 491, 139, 277, 457, 75, 258, 167, 58, 303, 376, 359, 17, 46, 348, 150, 312, 432, 13, 442, 2, 35, 486, 138, 424, 299, 347, 475, 470, 307, 448, 119, 9, 251, 260, 343, 371, 198, 367, 100, 454, 28, 279, 186, 459, 126, 91, 346, 219, 265, 68, 142, 240, 237, 234, 463, 160, 83, 249, 174, 153, 36, 441, 306, 47, 132, 180, 161, 336, 242, 440, 107, 388, 403, 67, 373, 351, 446, 404, 477, 149, 283, 129, 497, 472, 390, 37, 261, 38, 182, 287, 114, 204, 481, 262, 449, 40, 270, 414, 73, 305, 298, 217, 15, 123, 471, 248, 316, 231, 7, 353, 447, 408, 379, 184, 257, 426, 196, 33, 90, 6, 443, 456, 349, 98, 178, 430, 493, 436, 360, 387, 118, 128, 422, 215, 378, 164, 60, 163, 216, 200, 402, 226, 232, 187, 479, 69, 43, 488, 97, 330, 227, 498, 399, 269, 124, 292, 96, 1, 102, 468, 111, 156, 158, 266, 397, 199, 183, 103, 109, 93, 322, 26, 419, 365, 401, 230, 188, 337, 246, 452, 147, 254, 453, 80, 212, 20, 434, 264, 280, 223, 179, 474, 310, 210, 89, 395, 437, 245, 407, 345, 213, 148, 0, 296, 428, 400, 77, 285, 113, 476, 492, 314, 381, 323, 53, 331, 451, 464, 177, 332, 333, 99, 341, 64, 19, 490, 101, 197, 92, 487, 11, 74, 146, 195, 467, 342, 290, 438, 79, 273, 29, 410, 3, 433, 396, 145, 278, 14, 321, 417, 239, 166, 117, 274, 288, 327, 368, 275, 460, 55, 282, 131, 289, 88, 362, 499, 406, 206, 297, 115, 364, 236, 41, 291, 116, 300, 173, 377, 444, 294, 411, 302, 392, 31, 354, 445, 304, 130, 455, 318, 263, 50, 65, 431, 45, 313, 25, 78, 320, 420, 391, 30, 495, 462, 315, 241, 214, 39, 59, 169, 405, 104, 171, 222, 319, 209, 125, 386, 328, 42, 203, 352, 338, 253, 76, 105, 190, 141, 295, 418, 95]

Iter #1 :
23305027.2918
[473, 384, 16, 70, 106, 335, 357, 24, 8, 413, 412, 62, 284, 144, 170, 370, 489, 12, 134, 344, 272, 165, 350, 84, 133, 389, 286, 85, 176, 27, 267, 10, 143, 52, 137, 478, 63, 112, 218, 361, 54, 255, 229, 309, 172, 393, 238, 301, 398, 205, 325, 271, 409, 439, 247, 81, 23, 34, 201, 57, 458, 140, 32, 355, 482, 61, 334, 394, 340, 22, 136, 120, 326, 191, 259, 425, 154, 427, 423, 162, 366, 416, 363, 317, 496, 308, 4, 181, 374, 369, 155, 189, 339, 450, 48, 21, 461, 415, 244, 224, 324, 465, 192, 276, 281, 202, 157, 194, 383, 494, 221, 484, 382, 220, 193, 168, 485, 356, 51, 421, 44, 82, 108, 185, 252, 175, 243, 435, 86, 110, 293, 66, 250, 122, 469, 380, 151, 135, 429, 466, 94, 375, 18, 5, 385, 208, 358, 56, 71, 225, 207, 268, 311, 233, 49, 256, 329, 127, 483, 480, 152, 235, 87, 121, 211, 228, 159, 372, 72, 491, 139, 277, 457, 75, 258, 167, 58, 303, 376, 359, 17, 46, 348, 150, 312, 432, 13, 442, 2, 35, 486, 138, 424, 299, 347, 475, 470, 307, 448, 119, 9, 251, 260, 343, 371, 198, 367, 100, 454, 28, 279, 186, 459, 126, 91, 346, 219, 265, 68, 142, 240, 237, 234, 463, 160, 83, 249, 174, 153, 36, 441, 306, 47, 132, 180, 161, 336, 242, 440, 107, 388, 403, 67, 373, 351, 446, 404, 477, 149, 283, 129, 497, 472, 390, 37, 261, 38, 182, 287, 114, 204, 481, 262, 449, 40, 270, 414, 73, 305, 298, 217, 15, 123, 471, 248, 316, 231, 7, 353, 447, 408, 379, 184, 257, 426, 196, 33, 90, 6, 443, 456, 349, 98, 178, 430, 493, 436, 360, 387, 118, 128, 422, 215, 378, 164, 60, 163, 216, 200, 402, 226, 232, 187, 479, 69, 43, 488, 97, 330, 227, 498, 399, 269, 124, 292, 96, 1, 102, 468, 111, 156, 158, 266, 397, 199, 183, 103, 109, 93, 322, 26, 419, 365, 401, 230, 188, 337, 246, 452, 147, 254, 453, 80, 212, 20, 434, 264, 280, 223, 179, 474, 310, 210, 89, 395, 437, 245, 407, 345, 213, 148, 0, 296, 428, 400, 77, 285, 113, 476, 492, 314, 381, 323, 53, 331, 451, 464, 177, 332, 333, 99, 341, 64, 19, 490, 101, 197, 92, 487, 11, 74, 146, 195, 467, 342, 290, 438, 79, 273, 29, 410, 3, 433, 396, 145, 278, 14, 321, 417, 239, 166, 117, 274, 288, 327, 368, 275, 460, 55, 282, 131, 289, 88, 362, 499, 406, 206, 297, 115, 364, 236, 41, 291, 116, 300, 173, 377, 444, 294, 411, 302, 392, 31, 354, 445, 304, 130, 455, 318, 263, 50, 65, 431, 45, 313, 25, 78, 320, 420, 391, 30, 495, 462, 315, 241, 214, 39, 59, 169, 405, 104, 171, 222, 319, 209, 125, 386, 328, 42, 203, 352, 338, 253, 76, 105, 190, 141, 295, 418, 95]

Iter #10 :
22965331.6983
[473, 384, 57, 201, 34, 23, 489, 12, 134, 344, 398, 393, 238, 301, 172, 309, 165, 350, 389, 133, 84, 286, 85, 176, 27, 267, 10, 143, 52, 137, 478, 63, 112, 218, 361, 54, 255, 229, 272, 205, 325, 271, 409, 439, 247, 81, 370, 170, 144, 284, 62, 412, 413, 8, 24, 357, 335, 106, 70, 16, 458, 140, 32, 355, 482, 61, 295, 141, 78, 320, 420, 391, 30, 495, 462, 315, 241, 76, 253, 338, 352, 203, 42, 328, 386, 125, 209, 319, 222, 171, 104, 405, 169, 59, 39, 214, 105, 190, 25, 313, 45, 431, 65, 50, 263, 318, 455, 130, 304, 445, 354, 31, 392, 302, 411, 294, 444, 377, 173, 300, 116, 291, 41, 236, 364, 115, 297, 206, 406, 499, 362, 88, 289, 131, 282, 55, 460, 275, 368, 327, 288, 274, 117, 166, 239, 417, 321, 14, 278, 145, 396, 433, 3, 410, 29, 273, 79, 438, 290, 342, 467, 195, 146, 74, 11, 487, 92, 197, 101, 490, 19, 64, 341, 99, 333, 332, 177, 464, 451, 331, 53, 323, 381, 314, 492, 476, 113, 285, 77, 400, 428, 296, 0, 148, 213, 345, 407, 245, 437, 395, 89, 210, 310, 474, 179, 223, 280, 264, 434, 20, 212, 80, 453, 254, 147, 452, 246, 337, 188, 230, 401, 365, 419, 26, 322, 93, 109, 103, 183, 199, 397, 266, 158, 156, 111, 468, 102, 1, 96, 292, 124, 269, 399, 498, 227, 330, 97, 488, 43, 69, 479, 187, 232, 226, 402, 200, 216, 163, 60, 164, 378, 215, 422, 128, 118, 387, 360, 436, 493, 430, 178, 98, 349, 456, 443, 6, 90, 33, 196, 426, 257, 184, 379, 408, 447, 353, 7, 231, 316, 248, 471, 123, 15, 217, 298, 305, 73, 414, 270, 40, 449, 262, 481, 204, 114, 287, 182, 38, 261, 37, 390, 472, 497, 129, 283, 149, 477, 404, 446, 351, 373, 67, 403, 388, 107, 440, 242, 336, 161, 180, 132, 47, 306, 441, 36, 153, 174, 249, 83, 160, 463, 234, 237, 240, 142, 68, 265, 219, 346, 91, 126, 459, 186, 279, 28, 454, 100, 367, 198, 371, 343, 260, 251, 9, 119, 448, 307, 470, 475, 347, 299, 424, 138, 486, 35, 2, 442, 13, 432, 312, 150, 348, 46, 17, 359, 376, 303, 58, 167, 258, 75, 457, 277, 139, 491, 72, 372, 159, 228, 211, 121, 87, 235, 152, 480, 483, 127, 329, 256, 49, 233, 311, 268, 207, 225, 71, 56, 358, 208, 385, 5, 18, 375, 94, 466, 429, 135, 151, 380, 469, 122, 250, 66, 293, 110, 86, 435, 243, 175, 252, 185, 108, 82, 44, 421, 51, 356, 485, 168, 193, 220, 382, 484, 221, 494, 383, 194, 157, 202, 281, 276, 192, 465, 324, 224, 244, 415, 461, 21, 48, 450, 339, 189, 155, 369, 374, 181, 4, 308, 496, 317, 363, 416, 366, 162, 423, 427, 154, 425, 259, 191, 326, 120, 136, 22, 340, 394, 334, 418, 95]

Final 2opt :
21239251.5079
[473, 384, 57, 201, 34, 23, 134, 12, 489, 344, 398, 393, 238, 301, 172, 309, 218, 112, 63, 478, 137, 52, 143, 10, 267, 27, 176, 85, 286, 84, 133, 389, 350, 165, 361, 54, 255, 229, 272, 205, 325, 271, 409, 439, 247, 81, 370, 170, 144, 284, 62, 412, 413, 8, 24, 357, 335, 106, 70, 16, 458, 140, 32, 355, 482, 61, 295, 141, 154, 155, 369, 374, 181, 4, 308, 496, 317, 366, 416, 363, 162, 423, 427, 244, 224, 324, 465, 192, 313, 65, 431, 45, 50, 146, 195, 467, 342, 290, 236, 41, 291, 116, 300, 173, 377, 444, 294, 411, 445, 354, 31, 392, 302, 364, 115, 297, 206, 29, 410, 3, 288, 327, 368, 55, 460, 275, 282, 131, 289, 88, 274, 145, 278, 117, 166, 239, 417, 321, 14, 396, 433, 362, 499, 406, 273, 79, 438, 304, 130, 455, 318, 263, 74, 11, 487, 92, 333, 99, 341, 64, 19, 101, 490, 197, 332, 177, 464, 451, 331, 53, 323, 381, 285, 113, 476, 314, 492, 77, 400, 428, 296, 0, 157, 194, 383, 494, 221, 484, 395, 220, 210, 380, 151, 135, 429, 466, 94, 375, 18, 5, 385, 208, 358, 56, 71, 225, 207, 268, 311, 233, 49, 256, 329, 127, 483, 93, 109, 132, 180, 161, 336, 242, 440, 103, 183, 397, 199, 266, 158, 156, 111, 403, 67, 261, 283, 129, 497, 472, 390, 37, 149, 477, 404, 446, 351, 373, 38, 182, 287, 114, 204, 481, 262, 449, 292, 124, 447, 408, 379, 184, 426, 257, 90, 6, 443, 456, 349, 98, 178, 430, 493, 436, 360, 387, 118, 128, 422, 215, 378, 164, 60, 402, 163, 216, 200, 232, 226, 187, 399, 498, 227, 330, 97, 488, 43, 69, 479, 269, 33, 196, 353, 316, 231, 7, 248, 471, 123, 15, 217, 298, 305, 73, 414, 270, 40, 96, 1, 102, 468, 388, 107, 47, 306, 441, 142, 240, 237, 160, 463, 234, 83, 249, 36, 153, 174, 68, 265, 219, 346, 91, 126, 459, 186, 279, 28, 454, 432, 13, 442, 2, 35, 486, 138, 424, 307, 448, 119, 9, 251, 260, 343, 470, 475, 347, 299, 371, 367, 198, 100, 159, 348, 150, 46, 17, 359, 376, 303, 58, 167, 258, 75, 457, 277, 139, 491, 72, 372, 312, 228, 211, 121, 87, 235, 152, 480, 322, 26, 419, 365, 401, 453, 80, 212, 20, 254, 147, 452, 246, 337, 188, 230, 434, 264, 280, 474, 179, 223, 310, 469, 122, 356, 51, 66, 293, 252, 110, 86, 435, 243, 175, 185, 108, 82, 44, 421, 250, 485, 168, 193, 89, 382, 437, 245, 407, 345, 213, 148, 202, 281, 276, 25, 190, 105, 214, 39, 59, 169, 125, 209, 319, 222, 171, 104, 405, 386, 328, 42, 352, 253, 338, 76, 203, 241, 315, 462, 495, 30, 391, 420, 320, 78, 450, 48, 415, 461, 21, 339, 189, 425, 259, 191, 326, 120, 136, 22, 340, 394, 334, 418, 95]

