MST+DFS :
7574330.67516
[19, 5, 48, 28, 24, 9, 43, 25, 35, 39, 15, 20, 16, 17, 11, 47, 13, 31, 14, 40, 26, 37, 44, 10, 30, 2, 21, 0, 36, 45, 34, 27, 42, 33, 32, 49, 12, 1, 3, 7, 46, 22, 8, 41, 38, 18, 23, 4, 6, 29]

Iter #1 :
7494344.79666
[40, 14, 31, 13, 47, 11, 17, 16, 20, 15, 39, 35, 25, 43, 9, 24, 28, 48, 5, 19, 26, 37, 44, 10, 30, 2, 21, 0, 36, 45, 34, 27, 42, 33, 32, 49, 12, 1, 3, 7, 46, 22, 8, 41, 38, 18, 23, 4, 6, 29]

Final 2opt :
6773072.21199
[6, 38, 18, 23, 4, 41, 8, 10, 44, 37, 26, 19, 14, 48, 28, 24, 9, 43, 25, 35, 39, 15, 20, 16, 17, 11, 47, 13, 31, 5, 40, 45, 34, 27, 42, 33, 32, 49, 12, 1, 3, 7, 46, 22, 36, 0, 21, 2, 30, 29]

