MST+DFS :
11186837.5255
[94, 46, 21, 11, 63, 8, 82, 26, 25, 44, 81, 19, 3, 88, 27, 0, 95, 34, 59, 96, 13, 1, 38, 7, 78, 5, 93, 72, 86, 48, 57, 98, 73, 2, 10, 90, 91, 66, 53, 79, 69, 62, 50, 70, 15, 74, 60, 35, 92, 39, 28, 99, 76, 12, 54, 24, 43, 37, 30, 23, 33, 65, 31, 4, 16, 64, 49, 83, 41, 75, 84, 17, 52, 67, 32, 97, 18, 77, 87, 45, 58, 56, 14, 80, 55, 22, 47, 40, 6, 61, 85, 89, 42, 36, 71, 20, 68, 51, 9, 29]

Iter #1 :
11181032.0241
[46, 94, 21, 11, 63, 8, 82, 26, 25, 44, 81, 19, 3, 88, 27, 0, 95, 34, 59, 96, 13, 1, 38, 7, 78, 5, 93, 72, 86, 48, 57, 98, 73, 2, 10, 90, 91, 66, 53, 79, 69, 62, 50, 70, 15, 74, 60, 35, 92, 39, 28, 99, 76, 12, 54, 24, 43, 37, 30, 23, 33, 65, 31, 4, 16, 64, 49, 83, 41, 75, 84, 17, 52, 67, 32, 97, 18, 77, 87, 45, 58, 56, 14, 80, 55, 22, 47, 40, 6, 61, 85, 89, 42, 36, 71, 20, 68, 51, 9, 29]

Iter #10 :
10780033.9258
[46, 94, 21, 11, 63, 64, 16, 4, 31, 65, 33, 23, 30, 37, 43, 26, 25, 44, 54, 12, 76, 99, 28, 39, 92, 35, 60, 74, 62, 50, 70, 15, 69, 79, 53, 66, 93, 72, 86, 48, 57, 98, 73, 2, 10, 90, 91, 5, 78, 7, 38, 1, 13, 96, 59, 34, 95, 0, 27, 88, 3, 19, 81, 24, 82, 8, 49, 83, 41, 75, 84, 17, 52, 67, 32, 68, 56, 14, 36, 89, 42, 85, 61, 6, 40, 47, 22, 55, 80, 71, 20, 58, 45, 87, 77, 18, 97, 51, 9, 29]

Final 2opt :
9927885.97545
[51, 97, 56, 14, 36, 89, 42, 85, 61, 6, 40, 47, 22, 55, 80, 71, 20, 58, 45, 87, 77, 18, 68, 32, 11, 21, 94, 46, 63, 64, 16, 4, 31, 65, 33, 23, 30, 37, 43, 26, 25, 44, 60, 35, 92, 39, 28, 99, 76, 54, 12, 74, 79, 69, 15, 70, 50, 62, 53, 66, 90, 10, 2, 73, 98, 57, 48, 86, 72, 93, 91, 5, 78, 7, 38, 1, 13, 96, 59, 34, 95, 0, 27, 88, 3, 19, 81, 24, 82, 8, 49, 83, 41, 75, 84, 17, 52, 67, 9, 29]

