MST+DFS :
14295043.1823
[76, 26, 75, 9, 33, 185, 51, 188, 65, 149, 115, 172, 1, 2, 173, 22, 158, 117, 192, 72, 29, 69, 84, 111, 106, 183, 181, 38, 182, 49, 4, 193, 57, 135, 127, 98, 197, 157, 134, 53, 42, 74, 156, 146, 73, 166, 118, 114, 45, 161, 34, 154, 81, 28, 116, 165, 162, 40, 113, 178, 131, 136, 171, 126, 130, 170, 105, 23, 128, 3, 169, 82, 67, 43, 184, 99, 151, 143, 24, 174, 92, 77, 177, 153, 85, 60, 59, 110, 27, 36, 179, 20, 18, 150, 108, 19, 152, 44, 86, 196, 79, 12, 109, 7, 17, 30, 48, 55, 52, 189, 144, 164, 61, 78, 93, 121, 176, 11, 71, 102, 68, 132, 70, 198, 133, 199, 159, 123, 191, 39, 160, 90, 175, 37, 195, 13, 187, 142, 167, 186, 94, 50, 35, 16, 155, 87, 97, 168, 66, 8, 41, 21, 100, 137, 54, 63, 5, 103, 62, 119, 107, 91, 10, 58, 25, 120, 190, 32, 141, 15, 47, 104, 14, 6, 101, 96, 180, 46, 83, 147, 64, 56, 194, 95, 88, 145, 148, 124, 129, 138, 31, 140, 80, 125, 163, 122, 139, 112, 89, 0]

Iter #1 :
14282015.631
[76, 26, 192, 117, 158, 22, 173, 2, 1, 172, 115, 149, 65, 188, 51, 185, 33, 9, 75, 72, 29, 69, 84, 111, 106, 183, 181, 38, 182, 49, 4, 193, 57, 135, 127, 98, 197, 157, 134, 53, 42, 74, 156, 146, 73, 166, 118, 114, 45, 161, 34, 154, 81, 28, 116, 165, 162, 40, 113, 178, 131, 136, 171, 126, 130, 170, 105, 23, 128, 3, 169, 82, 67, 43, 184, 99, 151, 143, 24, 174, 92, 77, 177, 153, 85, 60, 59, 110, 27, 36, 179, 20, 18, 150, 108, 19, 152, 44, 86, 196, 79, 12, 109, 7, 17, 30, 48, 55, 52, 189, 144, 164, 61, 78, 93, 121, 176, 11, 71, 102, 68, 132, 70, 198, 133, 199, 159, 123, 191, 39, 160, 90, 175, 37, 195, 13, 187, 142, 167, 186, 94, 50, 35, 16, 155, 87, 97, 168, 66, 8, 41, 21, 100, 137, 54, 63, 5, 103, 62, 119, 107, 91, 10, 58, 25, 120, 190, 32, 141, 15, 47, 104, 14, 6, 101, 96, 180, 46, 83, 147, 64, 56, 194, 95, 88, 145, 148, 124, 129, 138, 31, 140, 80, 125, 163, 122, 139, 112, 89, 0]

Iter #10 :
13993449.6274
[76, 26, 192, 117, 2, 173, 22, 158, 1, 172, 115, 149, 65, 188, 51, 185, 33, 9, 75, 72, 141, 69, 120, 25, 58, 10, 91, 107, 119, 62, 103, 21, 100, 137, 54, 63, 5, 8, 41, 162, 40, 113, 178, 131, 136, 171, 87, 155, 142, 167, 186, 94, 50, 35, 16, 187, 13, 195, 37, 175, 90, 160, 39, 191, 123, 159, 199, 133, 198, 70, 132, 68, 102, 71, 11, 176, 121, 93, 78, 61, 164, 144, 189, 52, 55, 48, 30, 17, 7, 109, 12, 79, 196, 86, 44, 152, 19, 108, 150, 18, 20, 179, 36, 27, 110, 59, 60, 85, 153, 177, 77, 92, 174, 24, 143, 151, 99, 184, 43, 67, 82, 169, 3, 128, 23, 105, 170, 130, 126, 97, 168, 66, 165, 116, 28, 81, 154, 34, 161, 45, 114, 118, 166, 73, 146, 156, 74, 42, 53, 134, 157, 197, 98, 127, 135, 57, 193, 4, 49, 182, 38, 181, 183, 106, 111, 84, 190, 32, 29, 15, 47, 104, 14, 6, 101, 96, 180, 46, 83, 147, 64, 56, 194, 95, 88, 145, 148, 124, 129, 138, 31, 140, 80, 125, 163, 122, 139, 112, 89, 0]

Final 2opt :
13336644.7195
[76, 26, 65, 149, 115, 172, 1, 158, 22, 173, 2, 117, 192, 188, 51, 185, 33, 9, 75, 72, 141, 69, 120, 25, 58, 10, 91, 107, 119, 62, 103, 81, 8, 41, 162, 40, 113, 178, 131, 136, 171, 87, 155, 99, 191, 20, 196, 150, 108, 19, 152, 44, 86, 18, 144, 164, 61, 78, 70, 132, 11, 71, 68, 102, 176, 121, 93, 198, 133, 199, 159, 123, 189, 52, 55, 48, 30, 17, 7, 109, 12, 79, 179, 36, 27, 59, 110, 60, 85, 153, 177, 77, 92, 174, 24, 143, 151, 39, 90, 175, 37, 195, 13, 187, 16, 50, 35, 94, 186, 167, 142, 160, 184, 43, 105, 23, 128, 3, 169, 67, 82, 170, 130, 126, 97, 168, 66, 165, 116, 28, 5, 63, 54, 137, 100, 21, 154, 134, 74, 42, 53, 156, 146, 73, 166, 118, 34, 45, 161, 114, 157, 197, 98, 127, 135, 57, 193, 4, 49, 182, 38, 181, 183, 106, 84, 111, 190, 32, 29, 15, 47, 104, 14, 6, 101, 96, 180, 46, 56, 64, 147, 83, 194, 95, 88, 140, 31, 138, 129, 124, 148, 145, 80, 125, 139, 122, 163, 112, 89, 0]

