Generation #0 :
31675922.8051
[60, 164, 378, 118, 360, 387, 493, 436, 430, 117, 239, 417, 166, 426, 184, 408, 353, 447, 73, 414, 40, 270, 292, 262, 204, 481, 149, 477, 404, 446, 373, 261, 199, 318, 130, 455, 304, 438, 342, 290, 79, 236, 41, 302, 31, 354, 445, 411, 294, 291, 116, 377, 300, 467, 263, 195, 11, 487, 74, 92, 177, 333, 197, 341, 64, 99, 332, 451, 464, 313, 431, 416, 366, 363, 0, 157, 202, 194, 383, 484, 382, 494, 221, 220, 193, 168, 485, 122, 51, 421, 44, 108, 293, 250, 356, 469, 223, 66, 179, 310, 151, 135, 380, 429, 94, 375, 5, 385, 18, 358, 71, 56, 466, 207, 225, 208, 492, 314, 490, 19, 242, 440, 336, 329, 256, 49, 268, 311, 483, 480, 152, 87, 432, 279, 459, 186, 28, 454, 109, 91, 265, 237, 240, 83, 249, 36, 102, 153, 343, 307, 448, 470, 347, 475, 138, 424, 299, 486, 198, 35, 2, 442, 100, 159, 372, 72, 491, 303, 17, 348, 150, 46, 13, 121, 312, 211, 228, 235, 126, 346, 441, 219, 306, 107, 132, 180, 93, 161, 47, 463, 234, 142, 468, 174, 68, 119, 9, 371, 367, 359, 58, 258, 139, 457, 75, 212, 80, 453, 401, 419, 26, 322, 233, 280, 434, 264, 188, 337, 246, 147, 474, 452, 230, 277, 376, 167, 20, 365, 254, 252, 175, 185, 243, 435, 407, 213, 148, 345, 319, 222, 209, 104, 171, 125, 169, 405, 328, 386, 59, 42, 214, 462, 495, 30, 315, 391, 320, 78, 450, 339, 48, 461, 425, 154, 427, 259, 189, 244, 423, 191, 22, 326, 340, 334, 394, 295, 32, 482, 355, 473, 384, 95, 57, 458, 16, 284, 62, 412, 357, 335, 413, 8, 165, 176, 27, 267, 10, 143, 52, 478, 112, 218, 229, 255, 54, 361, 63, 137, 309, 172, 238, 301, 393, 205, 344, 272, 398, 271, 409, 439, 81, 370, 23, 144, 34, 247, 134, 325, 489, 12, 140, 61, 141, 308, 496, 4, 374, 181, 45, 65, 50, 444, 364, 273, 297, 206, 29, 499, 3, 433, 396, 14, 278, 145, 390, 37, 124, 379, 257, 178, 349, 456, 443, 6, 269, 187, 399, 97, 227, 330, 43, 488, 479, 69, 498, 200, 128, 216, 163, 402, 215, 88, 289, 288, 131, 282, 327, 274, 410, 115, 392, 106, 70, 155, 369, 317, 192, 465, 224, 324, 276, 281, 296, 77, 113, 476, 381, 323, 285, 400, 395, 210, 82, 86, 110, 437, 245, 428, 53, 101, 127, 103, 158, 266, 397, 146, 183, 156, 111, 388, 403, 182, 38, 67, 114, 287, 449, 96, 305, 217, 15, 471, 7, 248, 231, 316, 33, 298, 196, 1, 123, 90, 232, 422, 321, 129, 472, 406, 362, 368, 460, 275, 389, 84, 85, 286, 133, 24, 201, 418, 170, 136, 21, 420, 190, 105, 241, 76, 338, 253, 352, 39, 25, 89, 162, 120, 415, 203, 173, 331, 351, 497, 283, 98, 226, 260, 251, 160, 55, 350]

Generation #1 :
31675922.8051
[60, 164, 378, 118, 360, 387, 493, 436, 430, 117, 239, 417, 166, 426, 184, 408, 353, 447, 73, 414, 40, 270, 292, 262, 204, 481, 149, 477, 404, 446, 373, 261, 199, 318, 130, 455, 304, 438, 342, 290, 79, 236, 41, 302, 31, 354, 445, 411, 294, 291, 116, 377, 300, 467, 263, 195, 11, 487, 74, 92, 177, 333, 197, 341, 64, 99, 332, 451, 464, 313, 431, 416, 366, 363, 0, 157, 202, 194, 383, 484, 382, 494, 221, 220, 193, 168, 485, 122, 51, 421, 44, 108, 293, 250, 356, 469, 223, 66, 179, 310, 151, 135, 380, 429, 94, 375, 5, 385, 18, 358, 71, 56, 466, 207, 225, 208, 492, 314, 490, 19, 242, 440, 336, 329, 256, 49, 268, 311, 483, 480, 152, 87, 432, 279, 459, 186, 28, 454, 109, 91, 265, 237, 240, 83, 249, 36, 102, 153, 343, 307, 448, 470, 347, 475, 138, 424, 299, 486, 198, 35, 2, 442, 100, 159, 372, 72, 491, 303, 17, 348, 150, 46, 13, 121, 312, 211, 228, 235, 126, 346, 441, 219, 306, 107, 132, 180, 93, 161, 47, 463, 234, 142, 468, 174, 68, 119, 9, 371, 367, 359, 58, 258, 139, 457, 75, 212, 80, 453, 401, 419, 26, 322, 233, 280, 434, 264, 188, 337, 246, 147, 474, 452, 230, 277, 376, 167, 20, 365, 254, 252, 175, 185, 243, 435, 407, 213, 148, 345, 319, 222, 209, 104, 171, 125, 169, 405, 328, 386, 59, 42, 214, 462, 495, 30, 315, 391, 320, 78, 450, 339, 48, 461, 425, 154, 427, 259, 189, 244, 423, 191, 22, 326, 340, 334, 394, 295, 32, 482, 355, 473, 384, 95, 57, 458, 16, 284, 62, 412, 357, 335, 413, 8, 165, 176, 27, 267, 10, 143, 52, 478, 112, 218, 229, 255, 54, 361, 63, 137, 309, 172, 238, 301, 393, 205, 344, 272, 398, 271, 409, 439, 81, 370, 23, 144, 34, 247, 134, 325, 489, 12, 140, 61, 141, 308, 496, 4, 374, 181, 45, 65, 50, 444, 364, 273, 297, 206, 29, 499, 3, 433, 396, 14, 278, 145, 390, 37, 124, 379, 257, 178, 349, 456, 443, 6, 269, 187, 399, 97, 227, 330, 43, 488, 479, 69, 498, 200, 128, 216, 163, 402, 215, 88, 289, 288, 131, 282, 327, 274, 410, 115, 392, 106, 70, 155, 369, 317, 192, 465, 224, 324, 276, 281, 296, 77, 113, 476, 381, 323, 285, 400, 395, 210, 82, 86, 110, 437, 245, 428, 53, 101, 127, 103, 158, 266, 397, 146, 183, 156, 111, 388, 403, 182, 38, 67, 114, 287, 449, 96, 305, 217, 15, 471, 7, 248, 231, 316, 33, 298, 196, 1, 123, 90, 232, 422, 321, 129, 472, 406, 362, 368, 460, 275, 389, 84, 85, 286, 133, 24, 201, 418, 170, 136, 21, 420, 190, 105, 241, 76, 338, 253, 352, 39, 25, 89, 162, 120, 415, 203, 173, 331, 351, 497, 283, 98, 226, 260, 251, 160, 55, 350]

Generation #5 :
31675922.8051
[60, 164, 378, 118, 360, 387, 493, 436, 430, 117, 239, 417, 166, 426, 184, 408, 353, 447, 73, 414, 40, 270, 292, 262, 204, 481, 149, 477, 404, 446, 373, 261, 199, 318, 130, 455, 304, 438, 342, 290, 79, 236, 41, 302, 31, 354, 445, 411, 294, 291, 116, 377, 300, 467, 263, 195, 11, 487, 74, 92, 177, 333, 197, 341, 64, 99, 332, 451, 464, 313, 431, 416, 366, 363, 0, 157, 202, 194, 383, 484, 382, 494, 221, 220, 193, 168, 485, 122, 51, 421, 44, 108, 293, 250, 356, 469, 223, 66, 179, 310, 151, 135, 380, 429, 94, 375, 5, 385, 18, 358, 71, 56, 466, 207, 225, 208, 492, 314, 490, 19, 242, 440, 336, 329, 256, 49, 268, 311, 483, 480, 152, 87, 432, 279, 459, 186, 28, 454, 109, 91, 265, 237, 240, 83, 249, 36, 102, 153, 343, 307, 448, 470, 347, 475, 138, 424, 299, 486, 198, 35, 2, 442, 100, 159, 372, 72, 491, 303, 17, 348, 150, 46, 13, 121, 312, 211, 228, 235, 126, 346, 441, 219, 306, 107, 132, 180, 93, 161, 47, 463, 234, 142, 468, 174, 68, 119, 9, 371, 367, 359, 58, 258, 139, 457, 75, 212, 80, 453, 401, 419, 26, 322, 233, 280, 434, 264, 188, 337, 246, 147, 474, 452, 230, 277, 376, 167, 20, 365, 254, 252, 175, 185, 243, 435, 407, 213, 148, 345, 319, 222, 209, 104, 171, 125, 169, 405, 328, 386, 59, 42, 214, 462, 495, 30, 315, 391, 320, 78, 450, 339, 48, 461, 425, 154, 427, 259, 189, 244, 423, 191, 22, 326, 340, 334, 394, 295, 32, 482, 355, 473, 384, 95, 57, 458, 16, 284, 62, 412, 357, 335, 413, 8, 165, 176, 27, 267, 10, 143, 52, 478, 112, 218, 229, 255, 54, 361, 63, 137, 309, 172, 238, 301, 393, 205, 344, 272, 398, 271, 409, 439, 81, 370, 23, 144, 34, 247, 134, 325, 489, 12, 140, 61, 141, 308, 496, 4, 374, 181, 45, 65, 50, 444, 364, 273, 297, 206, 29, 499, 3, 433, 396, 14, 278, 145, 390, 37, 124, 379, 257, 178, 349, 456, 443, 6, 269, 187, 399, 97, 227, 330, 43, 488, 479, 69, 498, 200, 128, 216, 163, 402, 215, 88, 289, 288, 131, 282, 327, 274, 410, 115, 392, 106, 70, 155, 369, 317, 192, 465, 224, 324, 276, 281, 296, 77, 113, 476, 381, 323, 285, 400, 395, 210, 82, 86, 110, 437, 245, 428, 53, 101, 127, 103, 158, 266, 397, 146, 183, 156, 111, 388, 403, 182, 38, 67, 114, 287, 449, 96, 305, 217, 15, 471, 7, 248, 231, 316, 33, 298, 196, 1, 123, 90, 232, 422, 321, 129, 472, 406, 362, 368, 460, 275, 389, 84, 85, 286, 133, 24, 201, 418, 170, 136, 21, 420, 190, 105, 241, 76, 338, 253, 352, 39, 25, 89, 162, 120, 415, 203, 173, 331, 351, 497, 283, 98, 226, 260, 251, 160, 55, 350]

Generation #10 :
31675922.8051
[60, 164, 378, 118, 360, 387, 493, 436, 430, 117, 239, 417, 166, 426, 184, 408, 353, 447, 73, 414, 40, 270, 292, 262, 204, 481, 149, 477, 404, 446, 373, 261, 199, 318, 130, 455, 304, 438, 342, 290, 79, 236, 41, 302, 31, 354, 445, 411, 294, 291, 116, 377, 300, 467, 263, 195, 11, 487, 74, 92, 177, 333, 197, 341, 64, 99, 332, 451, 464, 313, 431, 416, 366, 363, 0, 157, 202, 194, 383, 484, 382, 494, 221, 220, 193, 168, 485, 122, 51, 421, 44, 108, 293, 250, 356, 469, 223, 66, 179, 310, 151, 135, 380, 429, 94, 375, 5, 385, 18, 358, 71, 56, 466, 207, 225, 208, 492, 314, 490, 19, 242, 440, 336, 329, 256, 49, 268, 311, 483, 480, 152, 87, 432, 279, 459, 186, 28, 454, 109, 91, 265, 237, 240, 83, 249, 36, 102, 153, 343, 307, 448, 470, 347, 475, 138, 424, 299, 486, 198, 35, 2, 442, 100, 159, 372, 72, 491, 303, 17, 348, 150, 46, 13, 121, 312, 211, 228, 235, 126, 346, 441, 219, 306, 107, 132, 180, 93, 161, 47, 463, 234, 142, 468, 174, 68, 119, 9, 371, 367, 359, 58, 258, 139, 457, 75, 212, 80, 453, 401, 419, 26, 322, 233, 280, 434, 264, 188, 337, 246, 147, 474, 452, 230, 277, 376, 167, 20, 365, 254, 252, 175, 185, 243, 435, 407, 213, 148, 345, 319, 222, 209, 104, 171, 125, 169, 405, 328, 386, 59, 42, 214, 462, 495, 30, 315, 391, 320, 78, 450, 339, 48, 461, 425, 154, 427, 259, 189, 244, 423, 191, 22, 326, 340, 334, 394, 295, 32, 482, 355, 473, 384, 95, 57, 458, 16, 284, 62, 412, 357, 335, 413, 8, 165, 176, 27, 267, 10, 143, 52, 478, 112, 218, 229, 255, 54, 361, 63, 137, 309, 172, 238, 301, 393, 205, 344, 272, 398, 271, 409, 439, 81, 370, 23, 144, 34, 247, 134, 325, 489, 12, 140, 61, 141, 308, 496, 4, 374, 181, 45, 65, 50, 444, 364, 273, 297, 206, 29, 499, 3, 433, 396, 14, 278, 145, 390, 37, 124, 379, 257, 178, 349, 456, 443, 6, 269, 187, 399, 97, 227, 330, 43, 488, 479, 69, 498, 200, 128, 216, 163, 402, 215, 88, 289, 288, 131, 282, 327, 274, 410, 115, 392, 106, 70, 155, 369, 317, 192, 465, 224, 324, 276, 281, 296, 77, 113, 476, 381, 323, 285, 400, 395, 210, 82, 86, 110, 437, 245, 428, 53, 101, 127, 103, 158, 266, 397, 146, 183, 156, 111, 388, 403, 182, 38, 67, 114, 287, 449, 96, 305, 217, 15, 471, 7, 248, 231, 316, 33, 298, 196, 1, 123, 90, 232, 422, 321, 129, 472, 406, 362, 368, 460, 275, 389, 84, 85, 286, 133, 24, 201, 418, 170, 136, 21, 420, 190, 105, 241, 76, 338, 253, 352, 39, 25, 89, 162, 120, 415, 203, 173, 331, 351, 497, 283, 98, 226, 260, 251, 160, 55, 350]

Generation #50 :
31675922.8051
[60, 164, 378, 118, 360, 387, 493, 436, 430, 117, 239, 417, 166, 426, 184, 408, 353, 447, 73, 414, 40, 270, 292, 262, 204, 481, 149, 477, 404, 446, 373, 261, 199, 318, 130, 455, 304, 438, 342, 290, 79, 236, 41, 302, 31, 354, 445, 411, 294, 291, 116, 377, 300, 467, 263, 195, 11, 487, 74, 92, 177, 333, 197, 341, 64, 99, 332, 451, 464, 313, 431, 416, 366, 363, 0, 157, 202, 194, 383, 484, 382, 494, 221, 220, 193, 168, 485, 122, 51, 421, 44, 108, 293, 250, 356, 469, 223, 66, 179, 310, 151, 135, 380, 429, 94, 375, 5, 385, 18, 358, 71, 56, 466, 207, 225, 208, 492, 314, 490, 19, 242, 440, 336, 329, 256, 49, 268, 311, 483, 480, 152, 87, 432, 279, 459, 186, 28, 454, 109, 91, 265, 237, 240, 83, 249, 36, 102, 153, 343, 307, 448, 470, 347, 475, 138, 424, 299, 486, 198, 35, 2, 442, 100, 159, 372, 72, 491, 303, 17, 348, 150, 46, 13, 121, 312, 211, 228, 235, 126, 346, 441, 219, 306, 107, 132, 180, 93, 161, 47, 463, 234, 142, 468, 174, 68, 119, 9, 371, 367, 359, 58, 258, 139, 457, 75, 212, 80, 453, 401, 419, 26, 322, 233, 280, 434, 264, 188, 337, 246, 147, 474, 452, 230, 277, 376, 167, 20, 365, 254, 252, 175, 185, 243, 435, 407, 213, 148, 345, 319, 222, 209, 104, 171, 125, 169, 405, 328, 386, 59, 42, 214, 462, 495, 30, 315, 391, 320, 78, 450, 339, 48, 461, 425, 154, 427, 259, 189, 244, 423, 191, 22, 326, 340, 334, 394, 295, 32, 482, 355, 473, 384, 95, 57, 458, 16, 284, 62, 412, 357, 335, 413, 8, 165, 176, 27, 267, 10, 143, 52, 478, 112, 218, 229, 255, 54, 361, 63, 137, 309, 172, 238, 301, 393, 205, 344, 272, 398, 271, 409, 439, 81, 370, 23, 144, 34, 247, 134, 325, 489, 12, 140, 61, 141, 308, 496, 4, 374, 181, 45, 65, 50, 444, 364, 273, 297, 206, 29, 499, 3, 433, 396, 14, 278, 145, 390, 37, 124, 379, 257, 178, 349, 456, 443, 6, 269, 187, 399, 97, 227, 330, 43, 488, 479, 69, 498, 200, 128, 216, 163, 402, 215, 88, 289, 288, 131, 282, 327, 274, 410, 115, 392, 106, 70, 155, 369, 317, 192, 465, 224, 324, 276, 281, 296, 77, 113, 476, 381, 323, 285, 400, 395, 210, 82, 86, 110, 437, 245, 428, 53, 101, 127, 103, 158, 266, 397, 146, 183, 156, 111, 388, 403, 182, 38, 67, 114, 287, 449, 96, 305, 217, 15, 471, 7, 248, 231, 316, 33, 298, 196, 1, 123, 90, 232, 422, 321, 129, 472, 406, 362, 368, 460, 275, 389, 84, 85, 286, 133, 24, 201, 418, 170, 136, 21, 420, 190, 105, 241, 76, 338, 253, 352, 39, 25, 89, 162, 120, 415, 203, 173, 331, 351, 497, 283, 98, 226, 260, 251, 160, 55, 350]

Generation #100 :
31675922.8051
[60, 164, 378, 118, 360, 387, 493, 436, 430, 117, 239, 417, 166, 426, 184, 408, 353, 447, 73, 414, 40, 270, 292, 262, 204, 481, 149, 477, 404, 446, 373, 261, 199, 318, 130, 455, 304, 438, 342, 290, 79, 236, 41, 302, 31, 354, 445, 411, 294, 291, 116, 377, 300, 467, 263, 195, 11, 487, 74, 92, 177, 333, 197, 341, 64, 99, 332, 451, 464, 313, 431, 416, 366, 363, 0, 157, 202, 194, 383, 484, 382, 494, 221, 220, 193, 168, 485, 122, 51, 421, 44, 108, 293, 250, 356, 469, 223, 66, 179, 310, 151, 135, 380, 429, 94, 375, 5, 385, 18, 358, 71, 56, 466, 207, 225, 208, 492, 314, 490, 19, 242, 440, 336, 329, 256, 49, 268, 311, 483, 480, 152, 87, 432, 279, 459, 186, 28, 454, 109, 91, 265, 237, 240, 83, 249, 36, 102, 153, 343, 307, 448, 470, 347, 475, 138, 424, 299, 486, 198, 35, 2, 442, 100, 159, 372, 72, 491, 303, 17, 348, 150, 46, 13, 121, 312, 211, 228, 235, 126, 346, 441, 219, 306, 107, 132, 180, 93, 161, 47, 463, 234, 142, 468, 174, 68, 119, 9, 371, 367, 359, 58, 258, 139, 457, 75, 212, 80, 453, 401, 419, 26, 322, 233, 280, 434, 264, 188, 337, 246, 147, 474, 452, 230, 277, 376, 167, 20, 365, 254, 252, 175, 185, 243, 435, 407, 213, 148, 345, 319, 222, 209, 104, 171, 125, 169, 405, 328, 386, 59, 42, 214, 462, 495, 30, 315, 391, 320, 78, 450, 339, 48, 461, 425, 154, 427, 259, 189, 244, 423, 191, 22, 326, 340, 334, 394, 295, 32, 482, 355, 473, 384, 95, 57, 458, 16, 284, 62, 412, 357, 335, 413, 8, 165, 176, 27, 267, 10, 143, 52, 478, 112, 218, 229, 255, 54, 361, 63, 137, 309, 172, 238, 301, 393, 205, 344, 272, 398, 271, 409, 439, 81, 370, 23, 144, 34, 247, 134, 325, 489, 12, 140, 61, 141, 308, 496, 4, 374, 181, 45, 65, 50, 444, 364, 273, 297, 206, 29, 499, 3, 433, 396, 14, 278, 145, 390, 37, 124, 379, 257, 178, 349, 456, 443, 6, 269, 187, 399, 97, 227, 330, 43, 488, 479, 69, 498, 200, 128, 216, 163, 402, 215, 88, 289, 288, 131, 282, 327, 274, 410, 115, 392, 106, 70, 155, 369, 317, 192, 465, 224, 324, 276, 281, 296, 77, 113, 476, 381, 323, 285, 400, 395, 210, 82, 86, 110, 437, 245, 428, 53, 101, 127, 103, 158, 266, 397, 146, 183, 156, 111, 388, 403, 182, 38, 67, 114, 287, 449, 96, 305, 217, 15, 471, 7, 248, 231, 316, 33, 298, 196, 1, 123, 90, 232, 422, 321, 129, 472, 406, 362, 368, 460, 275, 389, 84, 85, 286, 133, 24, 201, 418, 170, 136, 21, 420, 190, 105, 241, 76, 338, 253, 352, 39, 25, 89, 162, 120, 415, 203, 173, 331, 351, 497, 283, 98, 226, 260, 251, 160, 55, 350]

Generation #500 :
31675922.8051
[60, 164, 378, 118, 360, 387, 493, 436, 430, 117, 239, 417, 166, 426, 184, 408, 353, 447, 73, 414, 40, 270, 292, 262, 204, 481, 149, 477, 404, 446, 373, 261, 199, 318, 130, 455, 304, 438, 342, 290, 79, 236, 41, 302, 31, 354, 445, 411, 294, 291, 116, 377, 300, 467, 263, 195, 11, 487, 74, 92, 177, 333, 197, 341, 64, 99, 332, 451, 464, 313, 431, 416, 366, 363, 0, 157, 202, 194, 383, 484, 382, 494, 221, 220, 193, 168, 485, 122, 51, 421, 44, 108, 293, 250, 356, 469, 223, 66, 179, 310, 151, 135, 380, 429, 94, 375, 5, 385, 18, 358, 71, 56, 466, 207, 225, 208, 492, 314, 490, 19, 242, 440, 336, 329, 256, 49, 268, 311, 483, 480, 152, 87, 432, 279, 459, 186, 28, 454, 109, 91, 265, 237, 240, 83, 249, 36, 102, 153, 343, 307, 448, 470, 347, 475, 138, 424, 299, 486, 198, 35, 2, 442, 100, 159, 372, 72, 491, 303, 17, 348, 150, 46, 13, 121, 312, 211, 228, 235, 126, 346, 441, 219, 306, 107, 132, 180, 93, 161, 47, 463, 234, 142, 468, 174, 68, 119, 9, 371, 367, 359, 58, 258, 139, 457, 75, 212, 80, 453, 401, 419, 26, 322, 233, 280, 434, 264, 188, 337, 246, 147, 474, 452, 230, 277, 376, 167, 20, 365, 254, 252, 175, 185, 243, 435, 407, 213, 148, 345, 319, 222, 209, 104, 171, 125, 169, 405, 328, 386, 59, 42, 214, 462, 495, 30, 315, 391, 320, 78, 450, 339, 48, 461, 425, 154, 427, 259, 189, 244, 423, 191, 22, 326, 340, 334, 394, 295, 32, 482, 355, 473, 384, 95, 57, 458, 16, 284, 62, 412, 357, 335, 413, 8, 165, 176, 27, 267, 10, 143, 52, 478, 112, 218, 229, 255, 54, 361, 63, 137, 309, 172, 238, 301, 393, 205, 344, 272, 398, 271, 409, 439, 81, 370, 23, 144, 34, 247, 134, 325, 489, 12, 140, 61, 141, 308, 496, 4, 374, 181, 45, 65, 50, 444, 364, 273, 297, 206, 29, 499, 3, 433, 396, 14, 278, 145, 390, 37, 124, 379, 257, 178, 349, 456, 443, 6, 269, 187, 399, 97, 227, 330, 43, 488, 479, 69, 498, 200, 128, 216, 163, 402, 215, 88, 289, 288, 131, 282, 327, 274, 410, 115, 392, 106, 70, 155, 369, 317, 192, 465, 224, 324, 276, 281, 296, 77, 113, 476, 381, 323, 285, 400, 395, 210, 82, 86, 110, 437, 245, 428, 53, 101, 127, 103, 158, 266, 397, 146, 183, 156, 111, 388, 403, 182, 38, 67, 114, 287, 449, 96, 305, 217, 15, 471, 7, 248, 231, 316, 33, 298, 196, 1, 123, 90, 232, 422, 321, 129, 472, 406, 362, 368, 460, 275, 389, 84, 85, 286, 133, 24, 201, 418, 170, 136, 21, 420, 190, 105, 241, 76, 338, 253, 352, 39, 25, 89, 162, 120, 415, 203, 173, 331, 351, 497, 283, 98, 226, 260, 251, 160, 55, 350]

Generation #1000 :
31657541.7514
[60, 164, 378, 118, 360, 387, 493, 436, 430, 117, 239, 417, 166, 426, 184, 408, 353, 447, 73, 414, 40, 270, 292, 262, 204, 481, 149, 477, 404, 446, 373, 261, 199, 318, 130, 455, 304, 438, 342, 290, 79, 236, 41, 302, 31, 354, 445, 411, 294, 291, 116, 377, 300, 467, 263, 195, 11, 487, 74, 92, 177, 333, 197, 341, 64, 99, 332, 451, 464, 313, 431, 416, 366, 363, 0, 157, 202, 194, 383, 484, 382, 494, 221, 220, 193, 168, 485, 122, 51, 421, 44, 108, 293, 250, 356, 469, 223, 66, 179, 310, 151, 135, 380, 429, 94, 375, 5, 385, 18, 358, 71, 56, 466, 207, 225, 208, 492, 314, 490, 19, 242, 440, 336, 329, 256, 49, 268, 311, 483, 480, 152, 87, 432, 279, 459, 186, 28, 454, 109, 91, 265, 237, 240, 83, 249, 36, 102, 153, 343, 307, 448, 470, 347, 475, 138, 424, 299, 486, 198, 35, 2, 442, 100, 159, 372, 72, 491, 303, 17, 348, 150, 46, 13, 121, 312, 211, 228, 235, 126, 346, 441, 219, 306, 107, 132, 180, 93, 161, 47, 463, 234, 142, 468, 174, 68, 119, 9, 371, 367, 359, 58, 258, 139, 457, 75, 212, 80, 453, 401, 419, 26, 322, 233, 280, 434, 264, 188, 337, 246, 147, 474, 452, 230, 277, 376, 167, 20, 365, 254, 252, 175, 185, 243, 435, 407, 213, 148, 345, 319, 222, 209, 104, 171, 125, 169, 405, 328, 386, 59, 42, 214, 462, 495, 30, 315, 391, 320, 78, 450, 339, 48, 461, 425, 154, 427, 259, 189, 244, 423, 191, 22, 326, 340, 334, 394, 295, 32, 482, 355, 473, 384, 95, 57, 458, 16, 284, 62, 412, 357, 335, 413, 8, 165, 176, 27, 267, 10, 143, 52, 478, 112, 218, 229, 255, 54, 361, 63, 137, 309, 172, 238, 301, 393, 205, 344, 272, 398, 271, 409, 439, 81, 370, 23, 144, 34, 247, 134, 325, 489, 12, 140, 61, 141, 308, 496, 4, 374, 181, 45, 65, 50, 444, 364, 273, 297, 206, 29, 499, 3, 433, 396, 14, 278, 145, 390, 37, 124, 379, 257, 178, 349, 456, 443, 6, 269, 187, 399, 97, 227, 330, 43, 488, 479, 69, 498, 200, 128, 216, 163, 402, 215, 88, 289, 288, 131, 282, 327, 274, 410, 115, 392, 106, 70, 155, 369, 317, 162, 465, 224, 324, 276, 281, 296, 77, 113, 476, 381, 323, 285, 400, 395, 210, 82, 86, 110, 437, 245, 428, 53, 101, 127, 103, 158, 266, 397, 146, 183, 156, 111, 388, 403, 182, 38, 67, 114, 287, 449, 96, 305, 217, 15, 471, 7, 248, 231, 316, 33, 298, 196, 1, 123, 90, 232, 422, 321, 129, 472, 406, 362, 368, 460, 275, 389, 84, 85, 286, 133, 24, 201, 418, 170, 136, 21, 420, 190, 105, 241, 76, 338, 253, 352, 39, 25, 89, 192, 120, 415, 203, 173, 331, 351, 497, 283, 98, 226, 260, 251, 160, 55, 350]

Generation #5000 :
31204540.2836
[60, 164, 378, 118, 360, 387, 493, 436, 430, 117, 239, 417, 166, 426, 184, 408, 353, 447, 73, 414, 40, 270, 292, 262, 204, 481, 149, 477, 404, 446, 373, 261, 199, 318, 130, 455, 304, 438, 342, 290, 79, 236, 41, 302, 31, 354, 445, 411, 294, 291, 116, 377, 300, 467, 263, 195, 11, 487, 74, 92, 177, 333, 197, 341, 64, 99, 332, 451, 464, 313, 431, 416, 366, 363, 0, 157, 202, 194, 383, 484, 382, 494, 221, 220, 193, 168, 485, 122, 51, 421, 44, 108, 293, 250, 356, 469, 223, 66, 179, 310, 151, 135, 380, 429, 94, 375, 5, 385, 18, 358, 71, 56, 466, 207, 225, 208, 492, 314, 490, 19, 242, 440, 336, 329, 256, 49, 268, 311, 483, 480, 152, 87, 432, 279, 459, 186, 28, 235, 126, 91, 265, 237, 240, 83, 249, 36, 102, 153, 343, 307, 448, 470, 347, 475, 138, 424, 299, 486, 198, 35, 2, 442, 100, 159, 372, 72, 491, 303, 17, 348, 150, 46, 13, 121, 312, 211, 228, 454, 109, 346, 441, 219, 306, 107, 132, 180, 93, 161, 47, 463, 234, 142, 468, 174, 68, 119, 9, 371, 367, 359, 58, 258, 139, 457, 20, 212, 80, 453, 401, 419, 26, 322, 233, 280, 434, 264, 188, 337, 246, 147, 474, 452, 230, 277, 376, 167, 75, 365, 254, 252, 175, 185, 243, 435, 407, 213, 148, 345, 319, 222, 209, 104, 171, 125, 169, 405, 328, 386, 59, 42, 214, 462, 495, 30, 315, 391, 320, 78, 450, 339, 48, 461, 425, 154, 427, 259, 189, 244, 423, 191, 22, 326, 340, 141, 394, 295, 32, 482, 355, 473, 384, 95, 57, 170, 16, 284, 62, 412, 357, 335, 413, 8, 165, 176, 27, 267, 10, 143, 52, 478, 112, 218, 229, 255, 54, 361, 63, 137, 309, 172, 238, 301, 393, 205, 344, 272, 398, 271, 409, 439, 81, 370, 23, 144, 34, 201, 134, 325, 489, 12, 140, 61, 334, 308, 496, 4, 374, 181, 45, 65, 50, 444, 364, 273, 297, 206, 29, 499, 3, 433, 396, 14, 278, 145, 390, 37, 124, 379, 257, 178, 349, 456, 443, 6, 269, 187, 399, 43, 227, 330, 97, 488, 479, 69, 498, 200, 128, 216, 163, 402, 215, 88, 289, 288, 131, 282, 327, 274, 410, 115, 392, 106, 70, 155, 369, 317, 192, 465, 224, 324, 276, 281, 296, 77, 113, 476, 381, 323, 285, 400, 395, 210, 82, 86, 110, 437, 245, 428, 53, 101, 127, 103, 158, 266, 397, 146, 183, 156, 111, 388, 403, 182, 38, 67, 114, 287, 449, 96, 305, 217, 15, 471, 7, 248, 231, 316, 33, 298, 196, 1, 123, 90, 232, 422, 321, 129, 472, 406, 362, 350, 460, 275, 389, 84, 85, 286, 133, 24, 247, 418, 458, 136, 120, 420, 190, 105, 241, 76, 338, 253, 352, 39, 25, 89, 162, 21, 415, 203, 173, 331, 351, 497, 283, 98, 226, 260, 251, 160, 55, 368]

Generation #10000 :
30843830.3816
[60, 164, 378, 118, 360, 387, 493, 436, 430, 117, 239, 417, 166, 426, 184, 408, 353, 447, 73, 414, 40, 270, 292, 262, 204, 481, 149, 477, 404, 446, 373, 261, 199, 318, 130, 455, 304, 438, 342, 290, 79, 236, 41, 302, 31, 354, 445, 411, 294, 291, 116, 377, 300, 467, 263, 195, 11, 487, 74, 92, 177, 333, 197, 341, 64, 99, 332, 451, 464, 313, 431, 416, 366, 363, 0, 157, 202, 194, 383, 484, 382, 494, 221, 220, 193, 168, 485, 122, 51, 421, 44, 108, 293, 250, 356, 469, 223, 66, 179, 310, 151, 135, 380, 429, 94, 375, 5, 385, 18, 466, 71, 56, 358, 207, 225, 208, 492, 314, 490, 19, 242, 440, 336, 329, 256, 49, 268, 311, 483, 480, 152, 87, 432, 279, 459, 186, 28, 454, 126, 91, 265, 237, 240, 83, 249, 36, 102, 153, 343, 307, 448, 470, 347, 475, 138, 424, 299, 371, 198, 35, 2, 442, 100, 159, 372, 72, 491, 303, 17, 348, 150, 46, 13, 121, 312, 211, 228, 235, 109, 346, 441, 219, 306, 107, 132, 180, 93, 161, 47, 463, 234, 142, 468, 174, 68, 119, 9, 486, 367, 359, 58, 258, 139, 457, 75, 212, 80, 453, 401, 419, 26, 322, 233, 280, 434, 264, 188, 337, 246, 147, 474, 452, 230, 277, 376, 167, 20, 365, 254, 252, 185, 175, 243, 435, 407, 213, 148, 345, 319, 222, 209, 104, 171, 125, 169, 405, 328, 386, 203, 42, 214, 462, 495, 30, 315, 391, 320, 78, 450, 339, 48, 461, 425, 154, 427, 259, 189, 244, 423, 191, 22, 326, 340, 141, 394, 295, 61, 482, 355, 473, 384, 95, 57, 170, 16, 284, 62, 412, 357, 335, 413, 8, 165, 176, 27, 267, 10, 143, 52, 478, 112, 218, 229, 255, 54, 361, 63, 137, 309, 172, 238, 301, 393, 205, 344, 272, 398, 271, 409, 439, 81, 370, 23, 144, 34, 247, 134, 325, 489, 12, 140, 32, 334, 308, 496, 4, 374, 181, 45, 65, 50, 444, 364, 273, 297, 206, 29, 499, 3, 433, 396, 14, 278, 145, 390, 37, 124, 379, 257, 178, 349, 456, 443, 6, 269, 187, 399, 43, 227, 330, 97, 488, 479, 69, 498, 200, 128, 216, 163, 402, 215, 88, 289, 288, 131, 282, 327, 274, 410, 115, 392, 106, 70, 155, 369, 317, 192, 465, 224, 324, 276, 281, 296, 77, 113, 476, 381, 323, 285, 400, 395, 210, 82, 86, 110, 437, 245, 428, 53, 101, 127, 103, 158, 266, 397, 146, 183, 156, 111, 388, 403, 182, 38, 67, 114, 287, 449, 96, 305, 217, 15, 471, 7, 248, 231, 316, 33, 298, 123, 1, 196, 90, 232, 422, 321, 129, 472, 406, 362, 368, 460, 275, 389, 84, 85, 286, 133, 24, 201, 418, 458, 136, 120, 420, 190, 105, 241, 76, 338, 253, 352, 39, 25, 89, 162, 21, 415, 59, 331, 173, 351, 497, 283, 98, 226, 260, 251, 160, 55, 350]

