Generation #0 :
13250937.024
[95, 66, 34, 78, 96, 1, 38, 13, 59, 0, 27, 79, 3, 74, 81, 44, 60, 92, 28, 76, 39, 65, 31, 23, 33, 16, 64, 37, 82, 43, 26, 25, 24, 8, 63, 49, 41, 83, 75, 67, 9, 32, 51, 52, 84, 17, 88, 7, 93, 91, 5, 86, 72, 57, 48, 89, 42, 6, 61, 22, 47, 85, 40, 80, 56, 14, 20, 71, 58, 77, 87, 45, 36, 97, 18, 68, 21, 46, 11, 4, 94, 30, 99, 54, 69, 53, 62, 15, 50, 10, 2, 98, 90, 73, 29, 55, 12, 35, 19, 70]

Generation #1 :
13250937.024
[95, 66, 34, 78, 96, 1, 38, 13, 59, 0, 27, 79, 3, 74, 81, 44, 60, 92, 28, 76, 39, 65, 31, 23, 33, 16, 64, 37, 82, 43, 26, 25, 24, 8, 63, 49, 41, 83, 75, 67, 9, 32, 51, 52, 84, 17, 88, 7, 93, 91, 5, 86, 72, 57, 48, 89, 42, 6, 61, 22, 47, 85, 40, 80, 56, 14, 20, 71, 58, 77, 87, 45, 36, 97, 18, 68, 21, 46, 11, 4, 94, 30, 99, 54, 69, 53, 62, 15, 50, 10, 2, 98, 90, 73, 29, 55, 12, 35, 19, 70]

Generation #5 :
13250937.024
[95, 66, 34, 78, 96, 1, 38, 13, 59, 0, 27, 79, 3, 74, 81, 44, 60, 92, 28, 76, 39, 65, 31, 23, 33, 16, 64, 37, 82, 43, 26, 25, 24, 8, 63, 49, 41, 83, 75, 67, 9, 32, 51, 52, 84, 17, 88, 7, 93, 91, 5, 86, 72, 57, 48, 89, 42, 6, 61, 22, 47, 85, 40, 80, 56, 14, 20, 71, 58, 77, 87, 45, 36, 97, 18, 68, 21, 46, 11, 4, 94, 30, 99, 54, 69, 53, 62, 15, 50, 10, 2, 98, 90, 73, 29, 55, 12, 35, 19, 70]

Generation #10 :
13250937.024
[95, 66, 34, 78, 96, 1, 38, 13, 59, 0, 27, 79, 3, 74, 81, 44, 60, 92, 28, 76, 39, 65, 31, 23, 33, 16, 64, 37, 82, 43, 26, 25, 24, 8, 63, 49, 41, 83, 75, 67, 9, 32, 51, 52, 84, 17, 88, 7, 93, 91, 5, 86, 72, 57, 48, 89, 42, 6, 61, 22, 47, 85, 40, 80, 56, 14, 20, 71, 58, 77, 87, 45, 36, 97, 18, 68, 21, 46, 11, 4, 94, 30, 99, 54, 69, 53, 62, 15, 50, 10, 2, 98, 90, 73, 29, 55, 12, 35, 19, 70]

Generation #50 :
13250937.024
[95, 66, 34, 78, 96, 1, 38, 13, 59, 0, 27, 79, 3, 74, 81, 44, 60, 92, 28, 76, 39, 65, 31, 23, 33, 16, 64, 37, 82, 43, 26, 25, 24, 8, 63, 49, 41, 83, 75, 67, 9, 32, 51, 52, 84, 17, 88, 7, 93, 91, 5, 86, 72, 57, 48, 89, 42, 6, 61, 22, 47, 85, 40, 80, 56, 14, 20, 71, 58, 77, 87, 45, 36, 97, 18, 68, 21, 46, 11, 4, 94, 30, 99, 54, 69, 53, 62, 15, 50, 10, 2, 98, 90, 73, 29, 55, 12, 35, 19, 70]

Generation #100 :
13250937.024
[95, 66, 34, 78, 96, 1, 38, 13, 59, 0, 27, 79, 3, 74, 81, 44, 60, 92, 28, 76, 39, 65, 31, 23, 33, 16, 64, 37, 82, 43, 26, 25, 24, 8, 63, 49, 41, 83, 75, 67, 9, 32, 51, 52, 84, 17, 88, 7, 93, 91, 5, 86, 72, 57, 48, 89, 42, 6, 61, 22, 47, 85, 40, 80, 56, 14, 20, 71, 58, 77, 87, 45, 36, 97, 18, 68, 21, 46, 11, 4, 94, 30, 99, 54, 69, 53, 62, 15, 50, 10, 2, 98, 90, 73, 29, 55, 12, 35, 19, 70]

Generation #500 :
12756212.0406
[95, 66, 34, 78, 96, 1, 38, 13, 59, 0, 27, 79, 3, 74, 81, 44, 60, 92, 28, 76, 39, 65, 31, 23, 33, 16, 64, 37, 82, 43, 26, 25, 24, 8, 63, 49, 41, 83, 75, 67, 9, 32, 51, 52, 84, 17, 88, 7, 93, 91, 5, 86, 72, 57, 48, 89, 42, 61, 85, 22, 47, 6, 40, 80, 56, 14, 20, 71, 58, 77, 87, 45, 36, 97, 18, 68, 21, 46, 11, 4, 94, 30, 99, 54, 69, 53, 62, 15, 50, 10, 2, 98, 73, 90, 29, 55, 35, 12, 19, 70]

Generation #1000 :
12324491.9401
[95, 66, 34, 78, 1, 96, 38, 13, 59, 0, 27, 79, 3, 74, 44, 35, 60, 92, 28, 76, 39, 65, 31, 16, 33, 23, 64, 37, 82, 43, 26, 25, 24, 8, 63, 49, 41, 83, 75, 67, 9, 32, 51, 52, 84, 17, 88, 7, 93, 91, 5, 86, 72, 57, 48, 42, 89, 61, 6, 22, 47, 85, 40, 80, 56, 14, 20, 71, 58, 45, 87, 77, 36, 97, 18, 68, 94, 46, 21, 11, 4, 30, 99, 54, 69, 53, 62, 15, 50, 10, 2, 73, 90, 98, 55, 29, 81, 12, 19, 70]

Generation #5000 :
10101138.383
[95, 66, 34, 78, 7, 96, 1, 13, 59, 88, 27, 79, 53, 81, 60, 44, 35, 28, 99, 92, 39, 65, 31, 4, 33, 30, 64, 37, 82, 43, 26, 25, 24, 8, 63, 49, 41, 75, 83, 67, 52, 32, 51, 9, 29, 17, 84, 38, 89, 91, 5, 72, 57, 86, 48, 42, 61, 85, 6, 47, 40, 22, 55, 80, 56, 14, 71, 20, 58, 45, 87, 77, 36, 97, 18, 68, 11, 21, 94, 46, 16, 23, 76, 12, 54, 69, 15, 62, 70, 90, 10, 2, 73, 98, 93, 3, 19, 74, 0, 50]

Generation #10000 :
9241248.83685
[95, 66, 34, 7, 78, 1, 13, 96, 59, 88, 3, 74, 19, 81, 44, 35, 60, 76, 99, 28, 39, 31, 65, 33, 4, 23, 30, 37, 43, 82, 26, 25, 24, 8, 63, 49, 41, 83, 75, 52, 67, 32, 51, 9, 29, 17, 84, 38, 89, 91, 5, 72, 57, 86, 48, 42, 61, 85, 6, 40, 47, 22, 55, 80, 71, 14, 56, 20, 58, 45, 87, 77, 36, 97, 18, 68, 11, 21, 94, 46, 64, 16, 92, 12, 54, 69, 15, 50, 70, 90, 10, 2, 73, 98, 93, 27, 79, 53, 62, 0]

