Generation #0 :
3714374.05312
[2, 4, 0, 7, 8, 6, 5, 9, 1, 3]

Generation #1 :
3714374.05312
[2, 4, 0, 7, 8, 6, 5, 9, 1, 3]

Generation #5 :
3714374.05312
[2, 4, 0, 7, 8, 6, 5, 9, 1, 3]

Generation #10 :
3625496.02445
[2, 4, 0, 8, 7, 6, 5, 9, 1, 3]

Generation #50 :
3487592.256
[2, 0, 8, 7, 4, 6, 5, 9, 3, 1]

Generation #100 :
3487592.256
[2, 0, 8, 7, 4, 6, 5, 9, 3, 1]

Generation #500 :
3487592.256
[2, 0, 8, 7, 4, 6, 5, 9, 3, 1]

Generation #1000 :
3487592.256
[2, 0, 8, 7, 4, 6, 5, 9, 3, 1]

Generation #5000 :
3487592.256
[2, 0, 8, 7, 4, 6, 5, 9, 3, 1]

Generation #10000 :
3487592.256
[2, 0, 8, 7, 4, 6, 5, 9, 3, 1]

