Generation #0 :
5236770.19259
[10, 18, 15, 5, 4, 1, 14, 11, 13, 6, 17, 7, 0, 3, 2, 16, 12, 9, 8, 19]

Generation #1 :
5236770.19259
[10, 18, 15, 5, 4, 1, 14, 11, 13, 6, 17, 7, 0, 3, 2, 16, 12, 9, 8, 19]

Generation #5 :
5236770.19259
[10, 18, 15, 5, 4, 1, 14, 11, 13, 6, 17, 7, 0, 3, 2, 16, 12, 9, 8, 19]

Generation #10 :
5234847.96615
[3, 2, 16, 0, 12, 19, 18, 8, 10, 15, 1, 4, 5, 7, 17, 13, 11, 14, 9, 6]

Generation #50 :
4681809.53406
[4, 18, 8, 10, 15, 5, 12, 19, 3, 0, 16, 2, 17, 6, 7, 14, 9, 11, 13, 1]

Generation #100 :
4389382.86828
[4, 18, 8, 10, 15, 5, 19, 12, 16, 2, 3, 0, 7, 6, 17, 14, 9, 11, 13, 1]

Generation #500 :
4143998.54142
[4, 5, 15, 18, 10, 8, 19, 12, 0, 3, 16, 2, 6, 17, 7, 9, 14, 11, 13, 1]

Generation #1000 :
4143998.54142
[4, 5, 15, 18, 10, 8, 19, 12, 0, 3, 16, 2, 6, 17, 7, 9, 14, 11, 13, 1]

Generation #5000 :
4143998.54142
[4, 5, 15, 18, 10, 8, 19, 12, 0, 3, 16, 2, 6, 17, 7, 9, 14, 11, 13, 1]

Generation #10000 :
4143998.54142
[4, 5, 15, 18, 10, 8, 19, 12, 0, 3, 16, 2, 6, 17, 7, 9, 14, 11, 13, 1]

