Generation #0 :
8816192.17109
[23, 38, 6, 41, 30, 2, 0, 21, 36, 44, 8, 10, 26, 19, 5, 48, 28, 9, 25, 35, 43, 39, 16, 17, 11, 13, 47, 31, 20, 15, 40, 45, 34, 42, 27, 12, 33, 32, 49, 7, 22, 46, 1, 3, 29, 18, 37, 14, 24, 4]

Generation #1 :
8816192.17109
[23, 38, 6, 41, 30, 2, 0, 21, 36, 44, 8, 10, 26, 19, 5, 48, 28, 9, 25, 35, 43, 39, 16, 17, 11, 13, 47, 31, 20, 15, 40, 45, 34, 42, 27, 12, 33, 32, 49, 7, 22, 46, 1, 3, 29, 18, 37, 14, 24, 4]

Generation #5 :
8816192.17109
[23, 38, 6, 41, 30, 2, 0, 21, 36, 44, 8, 10, 26, 19, 5, 48, 28, 9, 25, 35, 43, 39, 16, 17, 11, 13, 47, 31, 20, 15, 40, 45, 34, 42, 27, 12, 33, 32, 49, 7, 22, 46, 1, 3, 29, 18, 37, 14, 24, 4]

Generation #10 :
8816192.17109
[23, 38, 6, 41, 30, 2, 0, 21, 36, 44, 8, 10, 26, 19, 5, 48, 28, 9, 25, 35, 43, 39, 16, 17, 11, 13, 47, 31, 20, 15, 40, 45, 34, 42, 27, 12, 33, 32, 49, 7, 22, 46, 1, 3, 29, 18, 37, 14, 24, 4]

Generation #50 :
8705003.59793
[23, 38, 6, 41, 30, 2, 0, 21, 36, 44, 8, 10, 26, 19, 5, 48, 28, 9, 25, 35, 43, 39, 16, 17, 11, 13, 47, 31, 20, 15, 40, 45, 34, 42, 27, 12, 33, 32, 49, 7, 22, 46, 1, 3, 29, 18, 37, 24, 14, 4]

Generation #100 :
8638171.75292
[23, 38, 6, 41, 30, 2, 0, 21, 36, 44, 8, 10, 26, 19, 5, 48, 28, 9, 25, 35, 43, 39, 16, 17, 11, 13, 47, 31, 20, 15, 40, 45, 34, 27, 42, 12, 33, 32, 49, 7, 22, 46, 1, 3, 29, 18, 37, 14, 24, 4]

Generation #500 :
7588217.589
[18, 38, 41, 6, 29, 2, 0, 21, 36, 44, 10, 37, 26, 5, 24, 48, 28, 9, 25, 43, 35, 39, 11, 17, 13, 31, 47, 16, 20, 15, 40, 45, 34, 27, 42, 49, 33, 32, 12, 3, 22, 46, 7, 1, 30, 8, 19, 14, 4, 23]

Generation #1000 :
7209944.76467
[18, 38, 41, 6, 29, 2, 0, 21, 30, 44, 8, 37, 19, 5, 48, 24, 28, 43, 9, 25, 35, 39, 17, 11, 13, 31, 47, 16, 20, 15, 40, 45, 34, 27, 32, 49, 33, 42, 12, 3, 22, 46, 7, 1, 36, 10, 26, 14, 4, 23]

