Generation #0 :
18730198.8111
[146, 135, 57, 25, 127, 197, 103, 62, 119, 91, 58, 120, 10, 107, 33, 75, 72, 29, 111, 84, 190, 183, 181, 182, 38, 106, 69, 26, 76, 0, 194, 95, 83, 147, 64, 180, 96, 46, 88, 89, 125, 163, 139, 132, 121, 93, 78, 61, 199, 133, 164, 144, 189, 52, 79, 36, 27, 85, 153, 177, 77, 20, 179, 12, 109, 7, 30, 48, 17, 55, 198, 159, 68, 71, 11, 70, 22, 173, 2, 158, 1, 115, 172, 80, 145, 148, 138, 129, 31, 101, 14, 47, 104, 6, 140, 15, 56, 32, 141, 49, 4, 193, 166, 114, 45, 118, 34, 161, 73, 156, 134, 157, 154, 81, 21, 137, 63, 100, 116, 165, 162, 8, 41, 98, 40, 185, 51, 192, 188, 65, 131, 178, 136, 171, 168, 97, 66, 130, 170, 105, 43, 184, 155, 191, 92, 174, 143, 24, 99, 87, 151, 196, 19, 150, 108, 86, 44, 152, 126, 5, 54, 42, 74, 67, 3, 169, 23, 128, 82, 35, 50, 94, 186, 187, 16, 167, 195, 142, 37, 13, 175, 39, 90, 59, 110, 60, 18, 102, 123, 176, 149, 122, 124, 9, 28, 53, 160, 117, 112, 113]

Generation #1 :
18730198.8111
[146, 135, 57, 25, 127, 197, 103, 62, 119, 91, 58, 120, 10, 107, 33, 75, 72, 29, 111, 84, 190, 183, 181, 182, 38, 106, 69, 26, 76, 0, 194, 95, 83, 147, 64, 180, 96, 46, 88, 89, 125, 163, 139, 132, 121, 93, 78, 61, 199, 133, 164, 144, 189, 52, 79, 36, 27, 85, 153, 177, 77, 20, 179, 12, 109, 7, 30, 48, 17, 55, 198, 159, 68, 71, 11, 70, 22, 173, 2, 158, 1, 115, 172, 80, 145, 148, 138, 129, 31, 101, 14, 47, 104, 6, 140, 15, 56, 32, 141, 49, 4, 193, 166, 114, 45, 118, 34, 161, 73, 156, 134, 157, 154, 81, 21, 137, 63, 100, 116, 165, 162, 8, 41, 98, 40, 185, 51, 192, 188, 65, 131, 178, 136, 171, 168, 97, 66, 130, 170, 105, 43, 184, 155, 191, 92, 174, 143, 24, 99, 87, 151, 196, 19, 150, 108, 86, 44, 152, 126, 5, 54, 42, 74, 67, 3, 169, 23, 128, 82, 35, 50, 94, 186, 187, 16, 167, 195, 142, 37, 13, 175, 39, 90, 59, 110, 60, 18, 102, 123, 176, 149, 122, 124, 9, 28, 53, 160, 117, 112, 113]

Generation #5 :
18730198.8111
[146, 135, 57, 25, 127, 197, 103, 62, 119, 91, 58, 120, 10, 107, 33, 75, 72, 29, 111, 84, 190, 183, 181, 182, 38, 106, 69, 26, 76, 0, 194, 95, 83, 147, 64, 180, 96, 46, 88, 89, 125, 163, 139, 132, 121, 93, 78, 61, 199, 133, 164, 144, 189, 52, 79, 36, 27, 85, 153, 177, 77, 20, 179, 12, 109, 7, 30, 48, 17, 55, 198, 159, 68, 71, 11, 70, 22, 173, 2, 158, 1, 115, 172, 80, 145, 148, 138, 129, 31, 101, 14, 47, 104, 6, 140, 15, 56, 32, 141, 49, 4, 193, 166, 114, 45, 118, 34, 161, 73, 156, 134, 157, 154, 81, 21, 137, 63, 100, 116, 165, 162, 8, 41, 98, 40, 185, 51, 192, 188, 65, 131, 178, 136, 171, 168, 97, 66, 130, 170, 105, 43, 184, 155, 191, 92, 174, 143, 24, 99, 87, 151, 196, 19, 150, 108, 86, 44, 152, 126, 5, 54, 42, 74, 67, 3, 169, 23, 128, 82, 35, 50, 94, 186, 187, 16, 167, 195, 142, 37, 13, 175, 39, 90, 59, 110, 60, 18, 102, 123, 176, 149, 122, 124, 9, 28, 53, 160, 117, 112, 113]

Generation #10 :
18730198.8111
[146, 135, 57, 25, 127, 197, 103, 62, 119, 91, 58, 120, 10, 107, 33, 75, 72, 29, 111, 84, 190, 183, 181, 182, 38, 106, 69, 26, 76, 0, 194, 95, 83, 147, 64, 180, 96, 46, 88, 89, 125, 163, 139, 132, 121, 93, 78, 61, 199, 133, 164, 144, 189, 52, 79, 36, 27, 85, 153, 177, 77, 20, 179, 12, 109, 7, 30, 48, 17, 55, 198, 159, 68, 71, 11, 70, 22, 173, 2, 158, 1, 115, 172, 80, 145, 148, 138, 129, 31, 101, 14, 47, 104, 6, 140, 15, 56, 32, 141, 49, 4, 193, 166, 114, 45, 118, 34, 161, 73, 156, 134, 157, 154, 81, 21, 137, 63, 100, 116, 165, 162, 8, 41, 98, 40, 185, 51, 192, 188, 65, 131, 178, 136, 171, 168, 97, 66, 130, 170, 105, 43, 184, 155, 191, 92, 174, 143, 24, 99, 87, 151, 196, 19, 150, 108, 86, 44, 152, 126, 5, 54, 42, 74, 67, 3, 169, 23, 128, 82, 35, 50, 94, 186, 187, 16, 167, 195, 142, 37, 13, 175, 39, 90, 59, 110, 60, 18, 102, 123, 176, 149, 122, 124, 9, 28, 53, 160, 117, 112, 113]

Generation #50 :
18730198.8111
[146, 135, 57, 25, 127, 197, 103, 62, 119, 91, 58, 120, 10, 107, 33, 75, 72, 29, 111, 84, 190, 183, 181, 182, 38, 106, 69, 26, 76, 0, 194, 95, 83, 147, 64, 180, 96, 46, 88, 89, 125, 163, 139, 132, 121, 93, 78, 61, 199, 133, 164, 144, 189, 52, 79, 36, 27, 85, 153, 177, 77, 20, 179, 12, 109, 7, 30, 48, 17, 55, 198, 159, 68, 71, 11, 70, 22, 173, 2, 158, 1, 115, 172, 80, 145, 148, 138, 129, 31, 101, 14, 47, 104, 6, 140, 15, 56, 32, 141, 49, 4, 193, 166, 114, 45, 118, 34, 161, 73, 156, 134, 157, 154, 81, 21, 137, 63, 100, 116, 165, 162, 8, 41, 98, 40, 185, 51, 192, 188, 65, 131, 178, 136, 171, 168, 97, 66, 130, 170, 105, 43, 184, 155, 191, 92, 174, 143, 24, 99, 87, 151, 196, 19, 150, 108, 86, 44, 152, 126, 5, 54, 42, 74, 67, 3, 169, 23, 128, 82, 35, 50, 94, 186, 187, 16, 167, 195, 142, 37, 13, 175, 39, 90, 59, 110, 60, 18, 102, 123, 176, 149, 122, 124, 9, 28, 53, 160, 117, 112, 113]

Generation #100 :
18730198.8111
[146, 135, 57, 25, 127, 197, 103, 62, 119, 91, 58, 120, 10, 107, 33, 75, 72, 29, 111, 84, 190, 183, 181, 182, 38, 106, 69, 26, 76, 0, 194, 95, 83, 147, 64, 180, 96, 46, 88, 89, 125, 163, 139, 132, 121, 93, 78, 61, 199, 133, 164, 144, 189, 52, 79, 36, 27, 85, 153, 177, 77, 20, 179, 12, 109, 7, 30, 48, 17, 55, 198, 159, 68, 71, 11, 70, 22, 173, 2, 158, 1, 115, 172, 80, 145, 148, 138, 129, 31, 101, 14, 47, 104, 6, 140, 15, 56, 32, 141, 49, 4, 193, 166, 114, 45, 118, 34, 161, 73, 156, 134, 157, 154, 81, 21, 137, 63, 100, 116, 165, 162, 8, 41, 98, 40, 185, 51, 192, 188, 65, 131, 178, 136, 171, 168, 97, 66, 130, 170, 105, 43, 184, 155, 191, 92, 174, 143, 24, 99, 87, 151, 196, 19, 150, 108, 86, 44, 152, 126, 5, 54, 42, 74, 67, 3, 169, 23, 128, 82, 35, 50, 94, 186, 187, 16, 167, 195, 142, 37, 13, 175, 39, 90, 59, 110, 60, 18, 102, 123, 176, 149, 122, 124, 9, 28, 53, 160, 117, 112, 113]

Generation #500 :
18555228.7123
[146, 135, 57, 25, 127, 197, 103, 62, 119, 91, 58, 120, 10, 107, 33, 75, 72, 29, 111, 84, 190, 183, 181, 182, 38, 106, 69, 26, 76, 0, 194, 95, 46, 147, 64, 96, 180, 83, 88, 89, 125, 163, 139, 132, 121, 93, 102, 61, 199, 133, 164, 144, 189, 52, 79, 36, 27, 85, 153, 177, 77, 20, 179, 12, 109, 7, 30, 48, 17, 55, 198, 159, 68, 71, 11, 70, 22, 173, 2, 158, 1, 115, 172, 80, 145, 148, 138, 129, 31, 140, 14, 47, 104, 6, 101, 15, 56, 32, 141, 49, 4, 193, 166, 114, 45, 118, 34, 161, 73, 156, 134, 157, 154, 81, 21, 137, 63, 100, 116, 165, 162, 8, 41, 98, 40, 185, 51, 192, 188, 65, 131, 178, 136, 171, 168, 97, 66, 130, 170, 105, 43, 184, 155, 191, 92, 174, 143, 24, 99, 87, 151, 196, 19, 150, 108, 86, 44, 152, 126, 5, 54, 42, 74, 67, 3, 169, 23, 128, 82, 35, 50, 94, 186, 187, 16, 167, 142, 195, 37, 13, 175, 39, 90, 59, 110, 60, 18, 78, 123, 176, 149, 122, 124, 9, 28, 53, 160, 117, 112, 113]

Generation #1000 :
18258015.0874
[146, 135, 57, 25, 127, 197, 103, 62, 119, 91, 58, 120, 10, 107, 33, 75, 72, 29, 111, 84, 190, 183, 181, 182, 38, 106, 69, 26, 76, 0, 194, 95, 83, 147, 64, 180, 96, 46, 88, 89, 125, 163, 139, 132, 121, 93, 78, 61, 199, 133, 164, 144, 189, 52, 79, 36, 27, 85, 153, 177, 77, 20, 179, 12, 109, 7, 30, 48, 17, 55, 198, 159, 68, 71, 11, 70, 22, 173, 2, 158, 1, 115, 172, 80, 145, 148, 138, 129, 31, 101, 14, 47, 104, 6, 140, 56, 15, 32, 141, 49, 4, 193, 166, 114, 45, 118, 34, 161, 73, 156, 134, 157, 154, 81, 21, 137, 63, 100, 116, 165, 162, 8, 41, 28, 40, 185, 51, 192, 188, 65, 131, 178, 136, 97, 168, 171, 66, 130, 170, 105, 43, 184, 155, 191, 92, 174, 143, 24, 99, 87, 151, 196, 19, 150, 108, 86, 44, 152, 126, 5, 53, 42, 74, 67, 3, 169, 23, 128, 82, 35, 50, 94, 186, 187, 16, 167, 142, 195, 37, 13, 175, 160, 90, 59, 110, 60, 18, 102, 123, 176, 149, 122, 124, 9, 98, 54, 39, 117, 112, 113]

Generation #5000 :
16977561.5576
[98, 135, 57, 25, 127, 197, 103, 62, 119, 91, 58, 120, 10, 107, 33, 75, 26, 29, 111, 84, 190, 183, 181, 182, 38, 106, 69, 72, 76, 0, 194, 95, 83, 147, 64, 180, 96, 46, 88, 80, 125, 163, 139, 132, 121, 93, 78, 61, 198, 133, 164, 144, 189, 52, 79, 36, 27, 85, 153, 177, 60, 179, 20, 12, 109, 7, 30, 48, 17, 55, 199, 159, 68, 11, 102, 70, 22, 173, 172, 158, 1, 115, 149, 89, 145, 148, 129, 138, 31, 101, 14, 47, 104, 6, 140, 56, 15, 32, 141, 49, 4, 193, 166, 118, 34, 114, 161, 45, 73, 156, 134, 157, 154, 81, 21, 137, 54, 100, 116, 165, 28, 8, 41, 162, 40, 185, 51, 192, 188, 65, 131, 178, 136, 97, 168, 171, 66, 130, 170, 105, 43, 184, 99, 191, 92, 174, 143, 24, 151, 155, 87, 196, 19, 150, 108, 86, 44, 152, 126, 5, 53, 42, 74, 67, 169, 3, 128, 23, 160, 35, 50, 94, 186, 187, 16, 167, 142, 195, 13, 37, 175, 39, 90, 59, 110, 77, 18, 123, 71, 176, 124, 122, 112, 9, 146, 63, 82, 117, 2, 113]

Generation #10000 :
16324823.063
[98, 135, 57, 25, 127, 197, 103, 62, 119, 107, 58, 120, 10, 91, 33, 9, 72, 29, 111, 84, 190, 183, 181, 38, 182, 106, 69, 26, 76, 0, 194, 95, 88, 147, 64, 180, 96, 46, 83, 80, 125, 163, 139, 132, 121, 93, 78, 133, 198, 61, 164, 144, 189, 52, 79, 36, 27, 153, 85, 177, 60, 20, 179, 12, 109, 7, 30, 17, 48, 55, 123, 159, 68, 11, 102, 70, 22, 173, 2, 158, 172, 115, 149, 89, 145, 148, 129, 138, 31, 101, 6, 47, 104, 14, 140, 56, 15, 32, 141, 49, 4, 193, 166, 118, 34, 114, 45, 161, 73, 156, 134, 157, 154, 81, 21, 137, 54, 100, 116, 165, 28, 8, 41, 162, 40, 185, 51, 192, 188, 65, 131, 178, 136, 97, 168, 171, 66, 130, 170, 105, 43, 184, 151, 191, 92, 174, 143, 24, 99, 155, 87, 196, 19, 150, 108, 86, 44, 152, 126, 5, 53, 42, 74, 67, 169, 3, 23, 128, 160, 35, 50, 94, 186, 167, 16, 187, 142, 195, 13, 37, 175, 90, 39, 59, 110, 77, 18, 199, 71, 176, 122, 124, 112, 75, 146, 63, 82, 117, 1, 113]

