Traversing
Amorim Algo's :
9362104.53304
[40, 47, 6, 61, 85, 22, 36, 55, 80, 14, 56, 20, 71, 58, 45, 87, 77, 18, 68, 64, 46, 94, 21, 11, 63, 8, 24, 25, 26, 82, 43, 37, 30, 4, 23, 33, 16, 31, 65, 39, 92, 28, 99, 76, 12, 54, 69, 79, 53, 27, 88, 3, 74, 19, 81, 44, 60, 35, 41, 49, 83, 75, 52, 67, 32, 97, 51, 9, 29, 17, 84, 13, 96, 1, 38, 89, 42, 57, 48, 86, 72, 90, 10, 2, 73, 98, 93, 5, 91, 78, 7, 59, 34, 95, 66, 0, 70, 50, 62, 15]

Iter #1 :
9197093.91004
[85, 61, 6, 47, 40, 22, 36, 55, 80, 14, 56, 20, 71, 58, 45, 87, 77, 18, 68, 64, 46, 94, 21, 11, 63, 8, 24, 25, 26, 82, 43, 37, 30, 4, 23, 33, 16, 31, 65, 39, 92, 28, 99, 76, 12, 54, 69, 79, 53, 27, 88, 3, 74, 19, 81, 44, 60, 35, 41, 49, 83, 75, 52, 67, 32, 97, 51, 9, 29, 17, 84, 13, 96, 1, 38, 89, 42, 57, 48, 86, 72, 90, 10, 2, 73, 98, 93, 5, 91, 78, 7, 59, 34, 95, 66, 0, 70, 50, 62, 15]

Iter #10 :
8943129.45612
[62, 50, 70, 0, 66, 95, 34, 59, 7, 78, 5, 91, 93, 98, 90, 10, 2, 73, 72, 86, 57, 48, 42, 89, 1, 96, 38, 85, 61, 6, 47, 40, 22, 36, 55, 80, 14, 56, 71, 20, 58, 45, 87, 77, 18, 68, 21, 94, 46, 64, 11, 63, 8, 24, 25, 26, 82, 43, 37, 30, 4, 23, 33, 16, 31, 65, 39, 92, 28, 99, 76, 12, 54, 69, 79, 53, 27, 88, 3, 74, 19, 81, 44, 60, 35, 41, 49, 83, 75, 52, 67, 32, 97, 51, 9, 29, 17, 84, 13, 15]

Final 2opt :
8943129.45612
[62, 50, 70, 0, 66, 95, 34, 59, 7, 78, 5, 91, 93, 98, 90, 10, 2, 73, 72, 86, 57, 48, 42, 89, 1, 96, 38, 85, 61, 6, 47, 40, 22, 36, 55, 80, 14, 56, 71, 20, 58, 45, 87, 77, 18, 68, 21, 94, 46, 64, 11, 63, 8, 24, 25, 26, 82, 43, 37, 30, 4, 23, 33, 16, 31, 65, 39, 92, 28, 99, 76, 12, 54, 69, 79, 53, 27, 88, 3, 74, 19, 81, 44, 60, 35, 41, 49, 83, 75, 52, 67, 32, 97, 51, 9, 29, 17, 84, 13, 15]

