Traversing
Amorim Algo's :
5940894.37116
[29, 6, 38, 41, 18, 23, 4, 5, 48, 14, 28, 24, 9, 43, 25, 35, 39, 20, 15, 16, 17, 11, 47, 13, 31, 49, 32, 33, 42, 12, 1, 3, 7, 46, 22, 0, 21, 2, 30, 36, 10, 44, 8, 37, 26, 19, 40, 45, 34, 27]

Iter #1 :
5781312.94035
[2, 21, 0, 22, 46, 7, 3, 1, 12, 42, 33, 32, 49, 31, 13, 47, 11, 17, 16, 15, 20, 39, 35, 25, 43, 9, 24, 28, 14, 48, 5, 4, 23, 18, 41, 38, 6, 29, 30, 36, 10, 44, 8, 37, 26, 19, 40, 45, 34, 27]

Final 2opt :
5781312.94035
[2, 21, 0, 22, 46, 7, 3, 1, 12, 42, 33, 32, 49, 31, 13, 47, 11, 17, 16, 15, 20, 39, 35, 25, 43, 9, 24, 28, 14, 48, 5, 4, 23, 18, 41, 38, 6, 29, 30, 36, 10, 44, 8, 37, 26, 19, 40, 45, 34, 27]

